subj,session,trial,rt,object_response,category,condition,imagename
swin_large,1,1,NaN,oven,oven,cr,0001_cl_dnn_cr_oven_40_n04111531_14126.png
swin_large,1,2,NaN,bear,bear,cr,0002_cl_dnn_cr_bear_40_n02134084_5274.png
swin_large,1,3,NaN,cat,cat,cr,0003_cl_dnn_cr_cat_40_n02123394_133.png
swin_large,1,4,NaN,car,car,cr,0004_cl_dnn_cr_car_40_n02814533_51190.png
swin_large,1,5,NaN,chair,chair,bw,0005_cl_dnn_bw_chair_40_n04099969_14986.png
swin_large,1,6,NaN,elephant,elephant,cr,0006_cl_dnn_cr_elephant_40_n02504013_6731.png
swin_large,1,7,NaN,bottle,bottle,cr,0007_cl_dnn_cr_bottle_40_n02823428_987.png
swin_large,1,8,NaN,truck,truck,cr,0008_cl_dnn_cr_truck_40_n03417042_7458.png
swin_large,1,9,NaN,chair,chair,bw,0009_cl_dnn_bw_chair_40_n04099969_4577.png
swin_large,1,10,NaN,knife,knife,cr,0010_cl_dnn_cr_knife_40_n03041632_83472.png
swin_large,1,11,NaN,elephant,elephant,bw,0011_cl_dnn_bw_elephant_40_n02504458_3485.png
swin_large,1,12,NaN,bear,bear,bw,0012_cl_dnn_bw_bear_40_n02133161_1066.png
swin_large,1,13,NaN,elephant,elephant,bw,0013_cl_dnn_bw_elephant_40_n02504013_1060.png
swin_large,1,14,NaN,bear,bear,bw,0014_cl_dnn_bw_bear_40_n02134084_1009.png
swin_large,1,15,NaN,cat,cat,cr,0015_cl_dnn_cr_cat_40_n02125311_13383.png
swin_large,1,16,NaN,elephant,elephant,bw,0016_cl_dnn_bw_elephant_40_n02504013_257.png
swin_large,1,17,NaN,cat,cat,bw,0017_cl_dnn_bw_cat_40_n02123045_6445.png
swin_large,1,18,NaN,airplane,airplane,bw,0018_cl_dnn_bw_airplane_40_n02690373_3493.png
swin_large,1,19,NaN,airplane,airplane,bw,0019_cl_dnn_bw_airplane_40_n02690373_5184.png
swin_large,1,20,NaN,truck,truck,bw,0020_cl_dnn_bw_truck_40_n04467665_22637.png
swin_large,1,21,NaN,cat,cat,cr,0021_cl_dnn_cr_cat_40_n02123159_10952.png
swin_large,1,22,NaN,airplane,airplane,bw,0022_cl_dnn_bw_airplane_40_n02690373_3620.png
swin_large,1,23,NaN,bottle,bottle,cr,0023_cl_dnn_cr_bottle_40_n04557648_10744.png
swin_large,1,24,NaN,oven,oven,bw,0024_cl_dnn_bw_oven_40_n04111531_12702.png
swin_large,1,25,NaN,bear,bear,cr,0025_cl_dnn_cr_bear_40_n02133161_9949.png
swin_large,1,26,NaN,keyboard,keyboard,cr,0026_cl_dnn_cr_keyboard_40_n03085013_3489.png
swin_large,1,27,NaN,elephant,elephant,bw,0027_cl_dnn_bw_elephant_40_n02504458_4633.png
swin_large,1,28,NaN,clock,clock,cr,0028_cl_dnn_cr_clock_40_n04548280_7816.png
swin_large,1,29,NaN,dog,dog,bw,0029_cl_dnn_bw_dog_40_n02097474_1859.png
swin_large,1,30,NaN,cat,cat,bw,0030_cl_dnn_bw_cat_40_n02123394_916.png
swin_large,1,31,NaN,elephant,elephant,cr,0031_cl_dnn_cr_elephant_40_n02504458_3525.png
swin_large,1,32,NaN,bear,bear,bw,0032_cl_dnn_bw_bear_40_n02134418_4456.png
swin_large,1,33,NaN,keyboard,keyboard,bw,0033_cl_dnn_bw_keyboard_40_n03085013_24045.png
swin_large,1,34,NaN,knife,knife,bw,0034_cl_dnn_bw_knife_40_n03041632_49363.png
swin_large,1,35,NaN,cat,cat,bw,0035_cl_dnn_bw_cat_40_n02123159_7854.png
swin_large,1,36,NaN,knife,knife,cr,0036_cl_dnn_cr_knife_40_n03041632_4708.png
swin_large,1,37,NaN,chair,chair,cr,0037_cl_dnn_cr_chair_40_n04429376_7788.png
swin_large,1,38,NaN,car,car,cr,0038_cl_dnn_cr_car_40_n03100240_9086.png
swin_large,1,39,NaN,chair,chair,cr,0039_cl_dnn_cr_chair_40_n03376595_3038.png
swin_large,1,40,NaN,truck,truck,bw,0040_cl_dnn_bw_truck_40_n03796401_1758.png
swin_large,1,41,NaN,boat,boat,cr,0041_cl_dnn_cr_boat_40_n04273569_4324.png
swin_large,1,42,NaN,bear,bear,cr,0042_cl_dnn_cr_bear_40_n02134084_1090.png
swin_large,1,43,NaN,bicycle,bicycle,bw,0043_cl_dnn_bw_bicycle_40_n03792782_13665.png
swin_large,1,44,NaN,knife,knife,bw,0044_cl_dnn_bw_knife_40_n03041632_36215.png
swin_large,1,45,NaN,car,car,bw,0045_cl_dnn_bw_car_40_n04285008_7770.png
swin_large,1,46,NaN,bottle,bottle,cr,0046_cl_dnn_cr_bottle_40_n03983396_15260.png
swin_large,1,47,NaN,dog,dog,cr,0047_cl_dnn_cr_dog_40_n02091635_6519.png
swin_large,1,48,NaN,elephant,elephant,cr,0048_cl_dnn_cr_elephant_40_n02504013_3485.png
swin_large,1,49,NaN,oven,oven,cr,0049_cl_dnn_cr_oven_40_n04111531_807.png
swin_large,1,50,NaN,oven,oven,cr,0050_cl_dnn_cr_oven_40_n04111531_605.png
swin_large,1,51,NaN,dog,dog,bw,0051_cl_dnn_bw_dog_40_n02109047_2662.png
swin_large,1,52,NaN,truck,truck,cr,0052_cl_dnn_cr_truck_40_n03417042_16038.png
swin_large,1,53,NaN,truck,truck,bw,0053_cl_dnn_bw_truck_40_n03796401_1710.png
swin_large,1,54,NaN,cat,cat,cr,0054_cl_dnn_cr_cat_40_n02125311_20921.png
swin_large,1,55,NaN,bear,bear,cr,0055_cl_dnn_cr_bear_40_n02133161_575.png
swin_large,1,56,NaN,chair,chair,bw,0056_cl_dnn_bw_chair_40_n04429376_21865.png
swin_large,1,57,NaN,bird,bird,bw,0057_cl_dnn_bw_bird_40_n01616318_26436.png
swin_large,1,58,NaN,oven,oven,cr,0058_cl_dnn_cr_oven_40_n04111531_9498.png
swin_large,1,59,NaN,bear,bear,bw,0059_cl_dnn_bw_bear_40_n02134418_397.png
swin_large,1,60,NaN,chair,chair,cr,0060_cl_dnn_cr_chair_40_n04099969_23961.png
swin_large,1,61,NaN,dog,dog,bw,0061_cl_dnn_bw_dog_40_n02093256_7181.png
swin_large,1,62,NaN,bicycle,bicycle,cr,0062_cl_dnn_cr_bicycle_40_n02835271_26731.png
swin_large,1,63,NaN,cat,cat,cr,0063_cl_dnn_cr_cat_40_n02125311_12557.png
swin_large,1,64,NaN,dog,dog,cr,0064_cl_dnn_cr_dog_40_n02093647_2890.png
swin_large,1,65,NaN,knife,knife,cr,0065_cl_dnn_cr_knife_40_n03041632_14293.png
swin_large,1,66,NaN,oven,oven,bw,0066_cl_dnn_bw_oven_40_n04111531_20359.png
swin_large,1,67,NaN,truck,truck,bw,0067_cl_dnn_bw_truck_40_n04467665_12177.png
swin_large,1,68,NaN,bicycle,bicycle,cr,0068_cl_dnn_cr_bicycle_40_n02835271_19400.png
swin_large,1,69,NaN,truck,truck,cr,0069_cl_dnn_cr_truck_40_n03417042_1263.png
swin_large,1,70,NaN,cat,cat,bw,0070_cl_dnn_bw_cat_40_n02123045_8336.png
swin_large,1,71,NaN,bear,bear,bw,0071_cl_dnn_bw_bear_40_n02134418_5405.png
swin_large,1,72,NaN,car,car,bw,0072_cl_dnn_bw_car_40_n04285008_2906.png
swin_large,1,73,NaN,bird,bird,cr,0073_cl_dnn_cr_bird_40_n01818515_10517.png
swin_large,1,74,NaN,truck,truck,cr,0074_cl_dnn_cr_truck_40_n03796401_14203.png
swin_large,1,75,NaN,bird,bird,bw,0075_cl_dnn_bw_bird_40_n02009229_2503.png
swin_large,1,76,NaN,bottle,bottle,bw,0076_cl_dnn_bw_bottle_40_n02823428_6767.png
swin_large,1,77,NaN,bicycle,bicycle,bw,0077_cl_dnn_bw_bicycle_40_n02835271_12847.png
swin_large,1,78,NaN,bicycle,bicycle,cr,0078_cl_dnn_cr_bicycle_40_n02835271_24104.png
swin_large,1,79,NaN,clock,clock,cr,0079_cl_dnn_cr_clock_40_n04548280_77.png
swin_large,1,80,NaN,cat,cat,bw,0080_cl_dnn_bw_cat_40_n02123394_6698.png
swin_large,1,81,NaN,keyboard,keyboard,cr,0081_cl_dnn_cr_keyboard_40_n04505470_4356.png
swin_large,1,82,NaN,chair,chair,cr,0082_cl_dnn_cr_chair_40_n04429376_16325.png
swin_large,1,83,NaN,elephant,elephant,bw,0083_cl_dnn_bw_elephant_40_n02504458_6721.png
swin_large,1,84,NaN,truck,truck,cr,0084_cl_dnn_cr_truck_40_n03417042_6213.png
swin_large,1,85,NaN,dog,dog,bw,0085_cl_dnn_bw_dog_40_n02097130_8277.png
swin_large,1,86,NaN,bottle,bottle,cr,0086_cl_dnn_cr_bottle_40_n04557648_1856.png
swin_large,1,87,NaN,bird,bird,bw,0087_cl_dnn_bw_bird_40_n01531178_10905.png
swin_large,1,88,NaN,bear,bear,cr,0088_cl_dnn_cr_bear_40_n02133161_2202.png
swin_large,1,89,NaN,elephant,elephant,cr,0089_cl_dnn_cr_elephant_40_n02504458_10439.png
swin_large,1,90,NaN,clock,clock,cr,0090_cl_dnn_cr_clock_40_n02708093_6766.png
swin_large,1,91,NaN,bottle,bottle,bw,0091_cl_dnn_bw_bottle_40_n03983396_2057.png
swin_large,1,92,NaN,knife,knife,bw,0092_cl_dnn_bw_knife_40_n03041632_10000.png
swin_large,1,93,NaN,cat,cat,cr,0093_cl_dnn_cr_cat_40_n02125311_2959.png
swin_large,1,94,NaN,car,car,bw,0094_cl_dnn_bw_car_40_n04285008_13759.png
swin_large,1,95,NaN,bottle,bottle,cr,0095_cl_dnn_cr_bottle_40_n03937543_396.png
swin_large,1,96,NaN,boat,boat,bw,0096_cl_dnn_bw_boat_40_n03662601_3984.png
swin_large,1,97,NaN,truck,truck,bw,0097_cl_dnn_bw_truck_40_n04467665_2230.png
swin_large,1,98,NaN,boat,boat,cr,0098_cl_dnn_cr_boat_40_n03662601_28640.png
swin_large,1,99,NaN,cat,cat,cr,0099_cl_dnn_cr_cat_40_n02124075_11039.png
swin_large,1,100,NaN,knife,knife,bw,0100_cl_dnn_bw_knife_40_n03041632_7380.png
swin_large,1,101,NaN,cat,cat,cr,0101_cl_dnn_cr_cat_40_n02123045_6607.png
swin_large,1,102,NaN,chair,chair,cr,0102_cl_dnn_cr_chair_40_n03376595_6704.png
swin_large,1,103,NaN,bear,bear,bw,0103_cl_dnn_bw_bear_40_n02133161_12187.png
swin_large,1,104,NaN,dog,dog,cr,0104_cl_dnn_cr_dog_40_n02110958_2363.png
swin_large,1,105,NaN,airplane,airplane,cr,0105_cl_dnn_cr_airplane_40_n02690373_19438.png
swin_large,1,106,NaN,bird,bird,cr,0106_cl_dnn_cr_bird_40_n01855032_5511.png
swin_large,1,107,NaN,boat,boat,bw,0107_cl_dnn_bw_boat_40_n04273569_9821.png
swin_large,1,108,NaN,bear,bear,bw,0108_cl_dnn_bw_bear_40_n02133161_13461.png
swin_large,1,109,NaN,dog,dog,cr,0109_cl_dnn_cr_dog_40_n02113023_8552.png
swin_large,1,110,NaN,elephant,elephant,cr,0110_cl_dnn_cr_elephant_40_n02504458_1600.png
swin_large,1,111,NaN,chair,chair,cr,0111_cl_dnn_cr_chair_40_n04099969_4205.png
swin_large,1,112,NaN,dog,dog,bw,0112_cl_dnn_bw_dog_40_n02105505_2121.png
swin_large,1,113,NaN,chair,chair,cr,0113_cl_dnn_cr_chair_40_n02791124_4528.png
swin_large,1,114,NaN,truck,truck,bw,0114_cl_dnn_bw_truck_40_n03417042_5659.png
swin_large,1,115,NaN,elephant,elephant,cr,0115_cl_dnn_cr_elephant_40_n02504013_10330.png
swin_large,1,116,NaN,cat,cat,cr,0116_cl_dnn_cr_cat_40_n02123394_1594.png
swin_large,1,117,NaN,bicycle,bear,bw,0117_cl_dnn_bw_bear_40_n02132136_10654.png
swin_large,1,118,NaN,bottle,bottle,bw,0118_cl_dnn_bw_bottle_40_n02823428_5265.png
swin_large,1,119,NaN,truck,truck,cr,0119_cl_dnn_cr_truck_40_n04467665_3125.png
swin_large,1,120,NaN,airplane,airplane,cr,0120_cl_dnn_cr_airplane_40_n02690373_60.png
swin_large,1,121,NaN,keyboard,keyboard,cr,0121_cl_dnn_cr_keyboard_40_n03085013_21645.png
swin_large,1,122,NaN,car,car,bw,0122_cl_dnn_bw_car_40_n03100240_9471.png
swin_large,1,123,NaN,boat,boat,cr,0123_cl_dnn_cr_boat_40_n03344393_9818.png
swin_large,1,124,NaN,elephant,elephant,bw,0124_cl_dnn_bw_elephant_40_n02504458_5444.png
swin_large,1,125,NaN,bottle,bottle,bw,0125_cl_dnn_bw_bottle_40_n04557648_26823.png
swin_large,1,126,NaN,bottle,bottle,cr,0126_cl_dnn_cr_bottle_40_n02823428_765.png
swin_large,1,127,NaN,cat,cat,bw,0127_cl_dnn_bw_cat_40_n02123045_1787.png
swin_large,1,128,NaN,car,car,bw,0128_cl_dnn_bw_car_40_n02814533_35863.png
swin_large,1,129,NaN,boat,boat,bw,0129_cl_dnn_bw_boat_40_n02951358_7944.png
swin_large,1,130,NaN,dog,dog,bw,0130_cl_dnn_bw_dog_40_n02091467_3727.png
swin_large,1,131,NaN,bicycle,bicycle,cr,0131_cl_dnn_cr_bicycle_40_n02835271_5886.png
swin_large,1,132,NaN,truck,truck,bw,0132_cl_dnn_bw_truck_40_n04467665_18234.png
swin_large,1,133,NaN,elephant,elephant,cr,0133_cl_dnn_cr_elephant_40_n02504013_4892.png
swin_large,1,134,NaN,keyboard,keyboard,cr,0134_cl_dnn_cr_keyboard_40_n03085013_19618.png
swin_large,1,135,NaN,clock,clock,cr,0135_cl_dnn_cr_clock_40_n03196217_3430.png
swin_large,1,136,NaN,bicycle,bicycle,bw,0136_cl_dnn_bw_bicycle_40_n03792782_24591.png
swin_large,1,137,NaN,bird,bird,cr,0137_cl_dnn_cr_bird_40_n02007558_2822.png
swin_large,1,138,NaN,truck,truck,bw,0138_cl_dnn_bw_truck_40_n04467665_71126.png
swin_large,1,139,NaN,bicycle,bicycle,cr,0139_cl_dnn_cr_bicycle_40_n02835271_22263.png
swin_large,1,140,NaN,car,car,bw,0140_cl_dnn_bw_car_40_n04285008_5548.png
swin_large,1,141,NaN,oven,oven,bw,0141_cl_dnn_bw_oven_40_n04111531_13006.png
swin_large,1,142,NaN,car,car,bw,0142_cl_dnn_bw_car_40_n04285008_11410.png
swin_large,1,143,NaN,chair,chair,bw,0143_cl_dnn_bw_chair_40_n04429376_2304.png
swin_large,1,144,NaN,boat,boat,cr,0144_cl_dnn_cr_boat_40_n03662601_27165.png
swin_large,1,145,NaN,truck,truck,bw,0145_cl_dnn_bw_truck_40_n04467665_70308.png
swin_large,1,146,NaN,bicycle,bicycle,cr,0146_cl_dnn_cr_bicycle_40_n03792782_51414.png
swin_large,1,147,NaN,knife,knife,cr,0147_cl_dnn_cr_knife_40_n03041632_44738.png
swin_large,1,148,NaN,elephant,elephant,bw,0148_cl_dnn_bw_elephant_40_n02504458_11363.png
swin_large,1,149,NaN,truck,truck,cr,0149_cl_dnn_cr_truck_40_n04467665_4899.png
swin_large,1,150,NaN,bear,bear,cr,0150_cl_dnn_cr_bear_40_n02134418_685.png
swin_large,1,151,NaN,keyboard,keyboard,bw,0151_cl_dnn_bw_keyboard_40_n04505470_4363.png
swin_large,1,152,NaN,oven,oven,bw,0152_cl_dnn_bw_oven_40_n04111531_12468.png
swin_large,1,153,NaN,bottle,bottle,cr,0153_cl_dnn_cr_bottle_40_n04591713_5559.png
swin_large,1,154,NaN,elephant,elephant,cr,0154_cl_dnn_cr_elephant_40_n02504013_3197.png
swin_large,1,155,NaN,bird,bird,bw,0155_cl_dnn_bw_bird_40_n01817953_5039.png
swin_large,1,156,NaN,bicycle,bicycle,cr,0156_cl_dnn_cr_bicycle_40_n03792782_3296.png
swin_large,1,157,NaN,bird,bird,cr,0157_cl_dnn_cr_bird_40_n01855672_5670.png
swin_large,1,158,NaN,oven,oven,cr,0158_cl_dnn_cr_oven_40_n04111531_2260.png
swin_large,1,159,NaN,cat,cat,cr,0159_cl_dnn_cr_cat_40_n02123045_5932.png
swin_large,1,160,NaN,dog,dog,cr,0160_cl_dnn_cr_dog_40_n02100583_1267.png
swin_large,1,161,NaN,dog,dog,bw,0161_cl_dnn_bw_dog_40_n02099601_8005.png
swin_large,1,162,NaN,boat,boat,cr,0162_cl_dnn_cr_boat_40_n02951358_12080.png
swin_large,1,163,NaN,oven,oven,cr,0163_cl_dnn_cr_oven_40_n04111531_20028.png
swin_large,1,164,NaN,cat,cat,bw,0164_cl_dnn_bw_cat_40_n02123159_2107.png
swin_large,1,165,NaN,bear,bear,cr,0165_cl_dnn_cr_bear_40_n02134418_1351.png
swin_large,1,166,NaN,oven,oven,cr,0166_cl_dnn_cr_oven_40_n04111531_6609.png
swin_large,1,167,NaN,knife,knife,bw,0167_cl_dnn_bw_knife_40_n03041632_21477.png
swin_large,1,168,NaN,cat,cat,cr,0168_cl_dnn_cr_cat_40_n02123394_238.png
swin_large,1,169,NaN,elephant,elephant,cr,0169_cl_dnn_cr_elephant_40_n02504013_3141.png
swin_large,1,170,NaN,elephant,elephant,cr,0170_cl_dnn_cr_elephant_40_n02504013_5035.png
swin_large,1,171,NaN,dog,dog,cr,0171_cl_dnn_cr_dog_40_n02089867_2298.png
swin_large,1,172,NaN,bear,bear,bw,0172_cl_dnn_bw_bear_40_n02134418_2503.png
swin_large,1,173,NaN,keyboard,keyboard,cr,0173_cl_dnn_cr_keyboard_40_n04505470_4878.png
swin_large,1,174,NaN,knife,knife,bw,0174_cl_dnn_bw_knife_40_n03041632_22734.png
swin_large,1,175,NaN,bear,bear,cr,0175_cl_dnn_cr_bear_40_n02132136_8896.png
swin_large,1,176,NaN,boat,boat,bw,0176_cl_dnn_bw_boat_40_n02951358_5952.png
swin_large,1,177,NaN,chair,chair,bw,0177_cl_dnn_bw_chair_40_n04099969_1775.png
swin_large,1,178,NaN,airplane,airplane,bw,0178_cl_dnn_bw_airplane_40_n02690373_6524.png
swin_large,1,179,NaN,bear,bear,cr,0179_cl_dnn_cr_bear_40_n02133161_1916.png
swin_large,1,180,NaN,knife,knife,bw,0180_cl_dnn_bw_knife_40_n03041632_96714.png
swin_large,1,181,NaN,truck,truck,bw,0181_cl_dnn_bw_truck_40_n03417042_13635.png
swin_large,1,182,NaN,boat,boat,bw,0182_cl_dnn_bw_boat_40_n04612504_1748.png
swin_large,1,183,NaN,bird,bird,cr,0183_cl_dnn_cr_bird_40_n01592084_3341.png
swin_large,1,184,NaN,car,car,bw,0184_cl_dnn_bw_car_40_n02814533_12388.png
swin_large,1,185,NaN,bicycle,bicycle,cr,0185_cl_dnn_cr_bicycle_40_n03792782_5864.png
swin_large,1,186,NaN,bird,bird,bw,0186_cl_dnn_bw_bird_40_n01514859_17156.png
swin_large,1,187,NaN,car,car,cr,0187_cl_dnn_cr_car_40_n03100240_7737.png
swin_large,1,188,NaN,bottle,bottle,bw,0188_cl_dnn_bw_bottle_40_n04579145_1829.png
swin_large,1,189,NaN,elephant,elephant,bw,0189_cl_dnn_bw_elephant_40_n02504013_22388.png
swin_large,1,190,NaN,airplane,airplane,bw,0190_cl_dnn_bw_airplane_40_n02690373_7107.png
swin_large,1,191,NaN,car,car,bw,0191_cl_dnn_bw_car_40_n02814533_45594.png
swin_large,1,192,NaN,boat,boat,cr,0192_cl_dnn_cr_boat_40_n04612504_18536.png
swin_large,1,193,NaN,dog,dog,cr,0193_cl_dnn_cr_dog_40_n02088466_6371.png
swin_large,1,194,NaN,bear,bear,bw,0194_cl_dnn_bw_bear_40_n02133161_1003.png
swin_large,1,195,NaN,knife,knife,bw,0195_cl_dnn_bw_knife_40_n03041632_29037.png
swin_large,1,196,NaN,airplane,airplane,cr,0196_cl_dnn_cr_airplane_40_n02690373_4015.png
swin_large,1,197,NaN,knife,knife,bw,0197_cl_dnn_bw_knife_40_n03041632_28009.png
swin_large,1,198,NaN,bird,bird,bw,0198_cl_dnn_bw_bird_40_n01560419_5714.png
swin_large,1,199,NaN,cat,cat,cr,0199_cl_dnn_cr_cat_40_n02125311_6429.png
swin_large,1,200,NaN,chair,chair,bw,0200_cl_dnn_bw_chair_40_n04099969_9847.png
swin_large,1,201,NaN,cat,cat,bw,0201_cl_dnn_bw_cat_40_n02123597_7142.png
swin_large,1,202,NaN,bicycle,bicycle,cr,0202_cl_dnn_cr_bicycle_40_n02835271_8982.png
swin_large,1,203,NaN,bird,bird,bw,0203_cl_dnn_bw_bird_40_n01592084_19555.png
swin_large,1,204,NaN,knife,knife,cr,0204_cl_dnn_cr_knife_40_n03041632_8618.png
swin_large,1,205,NaN,boat,boat,bw,0205_cl_dnn_bw_boat_40_n03344393_547.png
swin_large,1,206,NaN,bird,bird,bw,0206_cl_dnn_bw_bird_40_n01843383_5962.png
swin_large,1,207,NaN,keyboard,keyboard,cr,0207_cl_dnn_cr_keyboard_40_n04505470_213.png
swin_large,1,208,NaN,elephant,elephant,cr,0208_cl_dnn_cr_elephant_40_n02504458_2607.png
swin_large,1,209,NaN,bear,bear,bw,0209_cl_dnn_bw_bear_40_n02134418_4157.png
swin_large,1,210,NaN,bottle,bottle,cr,0210_cl_dnn_cr_bottle_40_n03983396_11519.png
swin_large,1,211,NaN,cat,cat,cr,0211_cl_dnn_cr_cat_40_n02124075_1999.png
swin_large,1,212,NaN,cat,cat,bw,0212_cl_dnn_bw_cat_40_n02124075_11252.png
swin_large,1,213,NaN,airplane,airplane,bw,0213_cl_dnn_bw_airplane_40_n02690373_4195.png
swin_large,1,214,NaN,airplane,airplane,cr,0214_cl_dnn_cr_airplane_40_n02690373_2629.png
swin_large,1,215,NaN,keyboard,keyboard,bw,0215_cl_dnn_bw_keyboard_40_n04505470_5060.png
swin_large,1,216,NaN,bear,bear,cr,0216_cl_dnn_cr_bear_40_n02132136_10060.png
swin_large,1,217,NaN,airplane,airplane,bw,0217_cl_dnn_bw_airplane_40_n02690373_4150.png
swin_large,1,218,NaN,dog,dog,cr,0218_cl_dnn_cr_dog_40_n02102040_7465.png
swin_large,1,219,NaN,bird,bird,bw,0219_cl_dnn_bw_bird_40_n02009229_12179.png
swin_large,1,220,NaN,knife,knife,bw,0220_cl_dnn_bw_knife_40_n03041632_20413.png
swin_large,1,221,NaN,truck,truck,bw,0221_cl_dnn_bw_truck_40_n03796401_13490.png
swin_large,1,222,NaN,oven,oven,cr,0222_cl_dnn_cr_oven_40_n04111531_584.png
swin_large,1,223,NaN,airplane,airplane,bw,0223_cl_dnn_bw_airplane_40_n02690373_3899.png
swin_large,1,224,NaN,bird,bird,cr,0224_cl_dnn_cr_bird_40_n02027492_8707.png
swin_large,1,225,NaN,airplane,airplane,cr,0225_cl_dnn_cr_airplane_40_n02690373_2648.png
swin_large,1,226,NaN,cat,cat,bw,0226_cl_dnn_bw_cat_40_n02123394_6598.png
swin_large,1,227,NaN,bicycle,bicycle,bw,0227_cl_dnn_bw_bicycle_40_n02835271_17168.png
swin_large,1,228,NaN,truck,truck,bw,0228_cl_dnn_bw_truck_40_n03417042_29849.png
swin_large,1,229,NaN,knife,knife,cr,0229_cl_dnn_cr_knife_40_n03041632_29125.png
swin_large,1,230,NaN,clock,clock,bw,0230_cl_dnn_bw_clock_40_n04548280_5456.png
swin_large,1,231,NaN,truck,truck,bw,0231_cl_dnn_bw_truck_40_n03796401_8099.png
swin_large,1,232,NaN,bear,bear,cr,0232_cl_dnn_cr_bear_40_n02132136_860.png
swin_large,1,233,NaN,truck,truck,bw,0233_cl_dnn_bw_truck_40_n03796401_4423.png
swin_large,1,234,NaN,elephant,elephant,bw,0234_cl_dnn_bw_elephant_40_n02504458_7871.png
swin_large,1,235,NaN,oven,oven,cr,0235_cl_dnn_cr_oven_40_n04111531_14753.png
swin_large,1,236,NaN,clock,clock,bw,0236_cl_dnn_bw_clock_40_n04548280_17198.png
swin_large,1,237,NaN,oven,oven,cr,0237_cl_dnn_cr_oven_40_n04111531_15947.png
swin_large,1,238,NaN,elephant,elephant,bw,0238_cl_dnn_bw_elephant_40_n02504013_1103.png
swin_large,1,239,NaN,bicycle,bicycle,cr,0239_cl_dnn_cr_bicycle_40_n03792782_33853.png
swin_large,1,240,NaN,bottle,bottle,bw,0240_cl_dnn_bw_bottle_40_n04557648_5665.png
swin_large,1,241,NaN,bear,bear,bw,0241_cl_dnn_bw_bear_40_n02134418_5824.png
swin_large,1,242,NaN,truck,truck,cr,0242_cl_dnn_cr_truck_40_n04467665_54349.png
swin_large,1,243,NaN,truck,truck,cr,0243_cl_dnn_cr_truck_40_n03796401_8100.png
swin_large,1,244,NaN,elephant,elephant,cr,0244_cl_dnn_cr_elephant_40_n02504013_4288.png
swin_large,1,245,NaN,boat,boat,cr,0245_cl_dnn_cr_boat_40_n03662601_4437.png
swin_large,1,246,NaN,bicycle,bicycle,cr,0246_cl_dnn_cr_bicycle_40_n02835271_7351.png
swin_large,1,247,NaN,elephant,elephant,bw,0247_cl_dnn_bw_elephant_40_n02504458_2556.png
swin_large,1,248,NaN,airplane,airplane,cr,0248_cl_dnn_cr_airplane_40_n02690373_303.png
swin_large,1,249,NaN,elephant,elephant,bw,0249_cl_dnn_bw_elephant_40_n02504013_5503.png
swin_large,1,250,NaN,truck,truck,cr,0250_cl_dnn_cr_truck_40_n04467665_68332.png
swin_large,1,251,NaN,clock,clock,bw,0251_cl_dnn_bw_clock_40_n02708093_3079.png
swin_large,1,252,NaN,cat,cat,cr,0252_cl_dnn_cr_cat_40_n02123394_2395.png
swin_large,1,253,NaN,chair,chair,cr,0253_cl_dnn_cr_chair_40_n04429376_20906.png
swin_large,1,254,NaN,boat,boat,cr,0254_cl_dnn_cr_boat_40_n03344393_8160.png
swin_large,1,255,NaN,keyboard,keyboard,cr,0255_cl_dnn_cr_keyboard_40_n03085013_21325.png
swin_large,1,256,NaN,knife,knife,cr,0256_cl_dnn_cr_knife_40_n03041632_99875.png
swin_large,1,257,NaN,clock,clock,bw,0257_cl_dnn_bw_clock_40_n04548280_7384.png
swin_large,1,258,NaN,keyboard,keyboard,bw,0258_cl_dnn_bw_keyboard_40_n03085013_23534.png
swin_large,1,259,NaN,truck,truck,bw,0259_cl_dnn_bw_truck_40_n03417042_2383.png
swin_large,1,260,NaN,clock,clock,bw,0260_cl_dnn_bw_clock_40_n03196217_711.png
swin_large,1,261,NaN,keyboard,keyboard,bw,0261_cl_dnn_bw_keyboard_40_n03085013_7992.png
swin_large,1,262,NaN,cat,cat,bw,0262_cl_dnn_bw_cat_40_n02125311_75445.png
swin_large,1,263,NaN,knife,knife,cr,0263_cl_dnn_cr_knife_40_n03041632_47410.png
swin_large,1,264,NaN,oven,oven,bw,0264_cl_dnn_bw_oven_40_n04111531_741.png
swin_large,1,265,NaN,oven,oven,bw,0265_cl_dnn_bw_oven_40_n04111531_3181.png
swin_large,1,266,NaN,truck,truck,bw,0266_cl_dnn_bw_truck_40_n03417042_17099.png
swin_large,1,267,NaN,boat,boat,cr,0267_cl_dnn_cr_boat_40_n03662601_15143.png
swin_large,1,268,NaN,keyboard,keyboard,bw,0268_cl_dnn_bw_keyboard_40_n03085013_19197.png
swin_large,1,269,NaN,airplane,airplane,cr,0269_cl_dnn_cr_airplane_40_n02690373_4202.png
swin_large,1,270,NaN,bear,bear,bw,0270_cl_dnn_bw_bear_40_n02132136_10134.png
swin_large,1,271,NaN,boat,boat,bw,0271_cl_dnn_bw_boat_40_n03344393_5296.png
swin_large,1,272,NaN,keyboard,keyboard,bw,0272_cl_dnn_bw_keyboard_40_n04505470_1600.png
swin_large,1,273,NaN,truck,truck,bw,0273_cl_dnn_bw_truck_40_n03417042_10043.png
swin_large,1,274,NaN,bird,bird,bw,0274_cl_dnn_bw_bird_40_n02007558_5525.png
swin_large,1,275,NaN,airplane,airplane,cr,0275_cl_dnn_cr_airplane_40_n02690373_6621.png
swin_large,1,276,NaN,keyboard,keyboard,bw,0276_cl_dnn_bw_keyboard_40_n04505470_6623.png
swin_large,1,277,NaN,dog,dog,cr,0277_cl_dnn_cr_dog_40_n02113624_3403.png
swin_large,1,278,NaN,dog,dog,bw,0278_cl_dnn_bw_dog_40_n02106550_12642.png
swin_large,1,279,NaN,clock,clock,cr,0279_cl_dnn_cr_clock_40_n04548280_24041.png
swin_large,1,280,NaN,truck,truck,bw,0280_cl_dnn_bw_truck_40_n03417042_3236.png
swin_large,1,281,NaN,car,car,bw,0281_cl_dnn_bw_car_40_n03100240_2583.png
swin_large,1,282,NaN,knife,knife,cr,0282_cl_dnn_cr_knife_40_n03041632_45090.png
swin_large,1,283,NaN,cat,cat,cr,0283_cl_dnn_cr_cat_40_n02123597_660.png
swin_large,1,284,NaN,clock,clock,bw,0284_cl_dnn_bw_clock_40_n04548280_7813.png
swin_large,1,285,NaN,dog,dog,bw,0285_cl_dnn_bw_dog_40_n02111129_797.png
swin_large,1,286,NaN,knife,knife,cr,0286_cl_dnn_cr_knife_40_n03041632_3717.png
swin_large,1,287,NaN,boat,boat,bw,0287_cl_dnn_bw_boat_40_n04273569_870.png
swin_large,1,288,NaN,elephant,elephant,bw,0288_cl_dnn_bw_elephant_40_n02504013_720.png
swin_large,1,289,NaN,oven,oven,cr,0289_cl_dnn_cr_oven_40_n04111531_14876.png
swin_large,1,290,NaN,cat,cat,bw,0290_cl_dnn_bw_cat_40_n02123045_569.png
swin_large,1,291,NaN,clock,clock,bw,0291_cl_dnn_bw_clock_40_n03196217_5888.png
swin_large,1,292,NaN,keyboard,keyboard,cr,0292_cl_dnn_cr_keyboard_40_n04505470_4770.png
swin_large,1,293,NaN,knife,knife,cr,0293_cl_dnn_cr_knife_40_n03041632_32292.png
swin_large,1,294,NaN,elephant,elephant,cr,0294_cl_dnn_cr_elephant_40_n02504013_6672.png
swin_large,1,295,NaN,airplane,airplane,bw,0295_cl_dnn_bw_airplane_40_n02690373_5838.png
swin_large,1,296,NaN,bird,bird,cr,0296_cl_dnn_cr_bird_40_n01796340_5508.png
swin_large,1,297,NaN,clock,clock,bw,0297_cl_dnn_bw_clock_40_n03196217_6477.png
swin_large,1,298,NaN,bird,bird,bw,0298_cl_dnn_bw_bird_40_n02011460_5075.png
swin_large,1,299,NaN,boat,boat,bw,0299_cl_dnn_bw_boat_40_n03344393_10284.png
swin_large,1,300,NaN,oven,oven,bw,0300_cl_dnn_bw_oven_40_n04111531_14559.png
swin_large,1,301,NaN,knife,knife,cr,0301_cl_dnn_cr_knife_40_n03041632_24060.png
swin_large,1,302,NaN,airplane,airplane,bw,0302_cl_dnn_bw_airplane_40_n02690373_4134.png
swin_large,1,303,NaN,bear,bear,cr,0303_cl_dnn_cr_bear_40_n02134084_6669.png
swin_large,1,304,NaN,bird,bird,cr,0304_cl_dnn_cr_bird_40_n01558993_5744.png
swin_large,1,305,NaN,bird,bird,bw,0305_cl_dnn_bw_bird_40_n01818515_10536.png
swin_large,1,306,NaN,bicycle,bottle,bw,0306_cl_dnn_bw_bottle_40_n04557648_20614.png
swin_large,1,307,NaN,clock,clock,cr,0307_cl_dnn_cr_clock_40_n04548280_3605.png
swin_large,1,308,NaN,truck,truck,bw,0308_cl_dnn_bw_truck_40_n03796401_27288.png
swin_large,1,309,NaN,bicycle,bicycle,cr,0309_cl_dnn_cr_bicycle_40_n02835271_18276.png
swin_large,1,310,NaN,bear,bear,cr,0310_cl_dnn_cr_bear_40_n02133161_12152.png
swin_large,1,311,NaN,elephant,elephant,cr,0311_cl_dnn_cr_elephant_40_n02504013_14918.png
swin_large,1,312,NaN,bicycle,bicycle,bw,0312_cl_dnn_bw_bicycle_40_n03792782_5323.png
swin_large,1,313,NaN,truck,truck,cr,0313_cl_dnn_cr_truck_40_n04467665_37066.png
swin_large,1,314,NaN,bird,bird,bw,0314_cl_dnn_bw_bird_40_n02025239_2481.png
swin_large,1,315,NaN,bicycle,bicycle,bw,0315_cl_dnn_bw_bicycle_40_n02835271_5113.png
swin_large,1,316,NaN,elephant,elephant,cr,0316_cl_dnn_cr_elephant_40_n02504458_6185.png
swin_large,1,317,NaN,knife,knife,cr,0317_cl_dnn_cr_knife_40_n03041632_11475.png
swin_large,1,318,NaN,cat,cat,bw,0318_cl_dnn_bw_cat_40_n02125311_31318.png
swin_large,1,319,NaN,clock,clock,bw,0319_cl_dnn_bw_clock_40_n04548280_8585.png
swin_large,1,320,NaN,bear,bear,bw,0320_cl_dnn_bw_bear_40_n02134418_12628.png
swin_large,1,321,NaN,chair,chair,bw,0321_cl_dnn_bw_chair_40_n03376595_17859.png
swin_large,1,322,NaN,knife,knife,cr,0322_cl_dnn_cr_knife_40_n03041632_379.png
swin_large,1,323,NaN,bottle,bottle,bw,0323_cl_dnn_bw_bottle_40_n04557648_1293.png
swin_large,1,324,NaN,boat,boat,cr,0324_cl_dnn_cr_boat_40_n03662601_26298.png
swin_large,1,325,NaN,oven,oven,bw,0325_cl_dnn_bw_oven_40_n04111531_6120.png
swin_large,1,326,NaN,car,car,bw,0326_cl_dnn_bw_car_40_n02814533_92940.png
swin_large,1,327,NaN,chair,chair,cr,0327_cl_dnn_cr_chair_40_n02791124_392.png
swin_large,1,328,NaN,clock,clock,bw,0328_cl_dnn_bw_clock_40_n04548280_3330.png
swin_large,1,329,NaN,car,car,cr,0329_cl_dnn_cr_car_40_n02814533_83614.png
swin_large,1,330,NaN,bear,bear,cr,0330_cl_dnn_cr_bear_40_n02134418_3846.png
swin_large,1,331,NaN,elephant,elephant,cr,0331_cl_dnn_cr_elephant_40_n02504013_811.png
swin_large,1,332,NaN,airplane,airplane,bw,0332_cl_dnn_bw_airplane_40_n02690373_1442.png
swin_large,1,333,NaN,chair,chair,cr,0333_cl_dnn_cr_chair_40_n03376595_6691.png
swin_large,1,334,NaN,bird,bird,bw,0334_cl_dnn_bw_bird_40_n01616318_1071.png
swin_large,1,335,NaN,boat,boat,cr,0335_cl_dnn_cr_boat_40_n03662601_8333.png
swin_large,1,336,NaN,truck,truck,cr,0336_cl_dnn_cr_truck_40_n03796401_9384.png
swin_large,1,337,NaN,bottle,bottle,cr,0337_cl_dnn_cr_bottle_40_n04560804_19001.png
swin_large,1,338,NaN,cat,cat,cr,0338_cl_dnn_cr_cat_40_n02123045_7646.png
swin_large,1,339,NaN,elephant,elephant,cr,0339_cl_dnn_cr_elephant_40_n02504013_3599.png
swin_large,1,340,NaN,clock,clock,cr,0340_cl_dnn_cr_clock_40_n03196217_1109.png
swin_large,1,341,NaN,boat,boat,bw,0341_cl_dnn_bw_boat_40_n03344393_5322.png
swin_large,1,342,NaN,dog,dog,cr,0342_cl_dnn_cr_dog_40_n02090622_11748.png
swin_large,1,343,NaN,knife,knife,cr,0343_cl_dnn_cr_knife_40_n03041632_20707.png
swin_large,1,344,NaN,keyboard,keyboard,cr,0344_cl_dnn_cr_keyboard_40_n03085013_8936.png
swin_large,1,345,NaN,airplane,airplane,cr,0345_cl_dnn_cr_airplane_40_n02690373_4695.png
swin_large,1,346,NaN,oven,oven,bw,0346_cl_dnn_bw_oven_40_n04111531_16463.png
swin_large,1,347,NaN,dog,dog,bw,0347_cl_dnn_bw_dog_40_n02099712_1234.png
swin_large,1,348,NaN,boat,boat,bw,0348_cl_dnn_bw_boat_40_n03662601_17361.png
swin_large,1,349,NaN,oven,oven,cr,0349_cl_dnn_cr_oven_40_n04111531_12929.png
swin_large,1,350,NaN,truck,truck,bw,0350_cl_dnn_bw_truck_40_n03417042_2056.png
swin_large,1,351,NaN,oven,oven,cr,0351_cl_dnn_cr_oven_40_n04111531_2937.png
swin_large,1,352,NaN,boat,boat,bw,0352_cl_dnn_bw_boat_40_n04273569_23705.png
swin_large,1,353,NaN,boat,boat,cr,0353_cl_dnn_cr_boat_40_n02951358_8456.png
swin_large,1,354,NaN,bottle,bottle,bw,0354_cl_dnn_bw_bottle_40_n03983396_11632.png
swin_large,1,355,NaN,bicycle,bicycle,bw,0355_cl_dnn_bw_bicycle_40_n02835271_506.png
swin_large,1,356,NaN,keyboard,keyboard,cr,0356_cl_dnn_cr_keyboard_40_n04505470_665.png
swin_large,1,357,NaN,bear,bear,bw,0357_cl_dnn_bw_bear_40_n02132136_390.png
swin_large,1,358,NaN,bear,bear,cr,0358_cl_dnn_cr_bear_40_n02134084_13663.png
swin_large,1,359,NaN,airplane,airplane,cr,0359_cl_dnn_cr_airplane_40_n02690373_2837.png
swin_large,1,360,NaN,airplane,airplane,bw,0360_cl_dnn_bw_airplane_40_n02690373_1492.png
swin_large,1,361,NaN,car,car,cr,0361_cl_dnn_cr_car_40_n03100240_14252.png
swin_large,1,362,NaN,elephant,elephant,bw,0362_cl_dnn_bw_elephant_40_n02504458_4908.png
swin_large,1,363,NaN,bird,bird,bw,0363_cl_dnn_bw_bird_40_n01582220_5821.png
swin_large,1,364,NaN,cat,cat,cr,0364_cl_dnn_cr_cat_40_n02123045_2968.png
swin_large,1,365,NaN,dog,dog,cr,0365_cl_dnn_cr_dog_40_n02088466_1671.png
swin_large,1,366,NaN,boat,boat,bw,0366_cl_dnn_bw_boat_40_n03344393_7659.png
swin_large,1,367,NaN,bicycle,bicycle,bw,0367_cl_dnn_bw_bicycle_40_n03792782_3783.png
swin_large,1,368,NaN,airplane,airplane,cr,0368_cl_dnn_cr_airplane_40_n02690373_2059.png
swin_large,1,369,NaN,keyboard,keyboard,cr,0369_cl_dnn_cr_keyboard_40_n03085013_19483.png
swin_large,1,370,NaN,bicycle,bicycle,bw,0370_cl_dnn_bw_bicycle_40_n03792782_2960.png
swin_large,1,371,NaN,keyboard,keyboard,cr,0371_cl_dnn_cr_keyboard_40_n03085013_24538.png
swin_large,1,372,NaN,cat,cat,cr,0372_cl_dnn_cr_cat_40_n02123597_9656.png
swin_large,1,373,NaN,car,car,cr,0373_cl_dnn_cr_car_40_n04285008_1085.png
swin_large,1,374,NaN,dog,dog,cr,0374_cl_dnn_cr_dog_40_n02102177_5870.png
swin_large,1,375,NaN,boat,boat,cr,0375_cl_dnn_cr_boat_40_n03662601_24852.png
swin_large,1,376,NaN,bicycle,bicycle,cr,0376_cl_dnn_cr_bicycle_40_n03792782_32379.png
swin_large,1,377,NaN,cat,cat,cr,0377_cl_dnn_cr_cat_40_n02123597_12266.png
swin_large,1,378,NaN,airplane,airplane,cr,0378_cl_dnn_cr_airplane_40_n02690373_713.png
swin_large,1,379,NaN,airplane,airplane,cr,0379_cl_dnn_cr_airplane_40_n02690373_6543.png
swin_large,1,380,NaN,oven,oven,cr,0380_cl_dnn_cr_oven_40_n04111531_5888.png
swin_large,1,381,NaN,dog,dog,bw,0381_cl_dnn_bw_dog_40_n02099601_7304.png
swin_large,1,382,NaN,bird,bird,bw,0382_cl_dnn_bw_bird_40_n01819313_146.png
swin_large,1,383,NaN,car,car,bw,0383_cl_dnn_bw_car_40_n03100240_18873.png
swin_large,1,384,NaN,dog,dog,bw,0384_cl_dnn_bw_dog_40_n02100583_2707.png
swin_large,1,385,NaN,dog,dog,bw,0385_cl_dnn_bw_dog_40_n02105056_15484.png
swin_large,1,386,NaN,truck,truck,bw,0386_cl_dnn_bw_truck_40_n04467665_66535.png
swin_large,1,387,NaN,elephant,elephant,bw,0387_cl_dnn_bw_elephant_40_n02504458_12303.png
swin_large,1,388,NaN,bottle,bottle,cr,0388_cl_dnn_cr_bottle_40_n03937543_4586.png
swin_large,1,389,NaN,bird,bird,cr,0389_cl_dnn_cr_bird_40_n02007558_19064.png
swin_large,1,390,NaN,oven,oven,bw,0390_cl_dnn_bw_oven_40_n04111531_5904.png
swin_large,1,391,NaN,keyboard,keyboard,cr,0391_cl_dnn_cr_keyboard_40_n03085013_18625.png
swin_large,1,392,NaN,bottle,bottle,cr,0392_cl_dnn_cr_bottle_40_n04579145_445.png
swin_large,1,393,NaN,keyboard,keyboard,bw,0393_cl_dnn_bw_keyboard_40_n03085013_22820.png
swin_large,1,394,NaN,truck,truck,cr,0394_cl_dnn_cr_truck_40_n03417042_19479.png
swin_large,1,395,NaN,bird,bird,bw,0395_cl_dnn_bw_bird_40_n01833805_28946.png
swin_large,1,396,NaN,bottle,bottle,bw,0396_cl_dnn_bw_bottle_40_n04591713_3896.png
swin_large,1,397,NaN,cat,cat,cr,0397_cl_dnn_cr_cat_40_n02123159_782.png
swin_large,1,398,NaN,keyboard,keyboard,bw,0398_cl_dnn_bw_keyboard_40_n04505470_464.png
swin_large,1,399,NaN,bird,bird,cr,0399_cl_dnn_cr_bird_40_n01558993_3939.png
swin_large,1,400,NaN,boat,boat,cr,0400_cl_dnn_cr_boat_40_n04273569_3052.png
swin_large,1,401,NaN,knife,knife,bw,0401_cl_dnn_bw_knife_40_n03041632_85416.png
swin_large,1,402,NaN,car,car,bw,0402_cl_dnn_bw_car_40_n02814533_51154.png
swin_large,1,403,NaN,airplane,airplane,bw,0403_cl_dnn_bw_airplane_40_n02690373_6516.png
swin_large,1,404,NaN,airplane,airplane,cr,0404_cl_dnn_cr_airplane_40_n02690373_12813.png
swin_large,1,405,NaN,airplane,airplane,bw,0405_cl_dnn_bw_airplane_40_n02690373_6406.png
swin_large,1,406,NaN,chair,chair,cr,0406_cl_dnn_cr_chair_40_n03376595_8228.png
swin_large,1,407,NaN,chair,chair,bw,0407_cl_dnn_bw_chair_40_n04099969_6309.png
swin_large,1,408,NaN,elephant,elephant,cr,0408_cl_dnn_cr_elephant_40_n02504013_19831.png
swin_large,1,409,NaN,bottle,bottle,bw,0409_cl_dnn_bw_bottle_40_n03937543_5088.png
swin_large,1,410,NaN,elephant,elephant,cr,0410_cl_dnn_cr_elephant_40_n02504458_2190.png
swin_large,1,411,NaN,car,car,bw,0411_cl_dnn_bw_car_40_n04285008_5997.png
swin_large,1,412,NaN,knife,knife,cr,0412_cl_dnn_cr_knife_40_n03041632_94620.png
swin_large,1,413,NaN,bicycle,bicycle,cr,0413_cl_dnn_cr_bicycle_40_n02835271_8125.png
swin_large,1,414,NaN,oven,oven,cr,0414_cl_dnn_cr_oven_40_n04111531_4662.png
swin_large,1,415,NaN,dog,dog,bw,0415_cl_dnn_bw_dog_40_n02110806_21755.png
swin_large,1,416,NaN,bottle,bottle,bw,0416_cl_dnn_bw_bottle_40_n02823428_3505.png
swin_large,1,417,NaN,cat,cat,cr,0417_cl_dnn_cr_cat_40_n02123045_11472.png
swin_large,1,418,NaN,boat,boat,cr,0418_cl_dnn_cr_boat_40_n03662601_14818.png
swin_large,1,419,NaN,bicycle,bicycle,cr,0419_cl_dnn_cr_bicycle_40_n02835271_8322.png
swin_large,1,420,NaN,knife,knife,bw,0420_cl_dnn_bw_knife_40_n03041632_9580.png
swin_large,1,421,NaN,dog,dog,bw,0421_cl_dnn_bw_dog_40_n02088466_3052.png
swin_large,1,422,NaN,keyboard,keyboard,cr,0422_cl_dnn_cr_keyboard_40_n04505470_7161.png
swin_large,1,423,NaN,keyboard,keyboard,cr,0423_cl_dnn_cr_keyboard_40_n04505470_2321.png
swin_large,1,424,NaN,knife,knife,cr,0424_cl_dnn_cr_knife_40_n03041632_6708.png
swin_large,1,425,NaN,keyboard,keyboard,bw,0425_cl_dnn_bw_keyboard_40_n04505470_4965.png
swin_large,1,426,NaN,cat,cat,bw,0426_cl_dnn_bw_cat_40_n02123597_11981.png
swin_large,1,427,NaN,truck,truck,cr,0427_cl_dnn_cr_truck_40_n03417042_2778.png
swin_large,1,428,NaN,car,car,cr,0428_cl_dnn_cr_car_40_n02814533_80049.png
swin_large,1,429,NaN,keyboard,keyboard,cr,0429_cl_dnn_cr_keyboard_40_n03085013_23561.png
swin_large,1,430,NaN,airplane,airplane,bw,0430_cl_dnn_bw_airplane_40_n02690373_1800.png
swin_large,1,431,NaN,chair,chair,bw,0431_cl_dnn_bw_chair_40_n02791124_4306.png
swin_large,1,432,NaN,knife,knife,bw,0432_cl_dnn_bw_knife_40_n03041632_33424.png
swin_large,1,433,NaN,boat,boat,cr,0433_cl_dnn_cr_boat_40_n04273569_111.png
swin_large,1,434,NaN,bear,bear,bw,0434_cl_dnn_bw_bear_40_n02132136_4403.png
swin_large,1,435,NaN,bicycle,bicycle,bw,0435_cl_dnn_bw_bicycle_40_n03792782_49707.png
swin_large,1,436,NaN,bicycle,bicycle,cr,0436_cl_dnn_cr_bicycle_40_n02835271_3308.png
swin_large,1,437,NaN,clock,clock,bw,0437_cl_dnn_bw_clock_40_n04548280_3305.png
swin_large,1,438,NaN,boat,boat,bw,0438_cl_dnn_bw_boat_40_n03344393_7614.png
swin_large,1,439,NaN,bicycle,bicycle,bw,0439_cl_dnn_bw_bicycle_40_n02835271_9434.png
swin_large,1,440,NaN,truck,truck,bw,0440_cl_dnn_bw_truck_40_n03417042_3039.png
swin_large,1,441,NaN,oven,oven,cr,0441_cl_dnn_cr_oven_40_n04111531_5519.png
swin_large,1,442,NaN,bottle,bottle,cr,0442_cl_dnn_cr_bottle_40_n03983396_3702.png
swin_large,1,443,NaN,clock,clock,cr,0443_cl_dnn_cr_clock_40_n04548280_2177.png
swin_large,1,444,NaN,bottle,bottle,cr,0444_cl_dnn_cr_bottle_40_n03983396_4132.png
swin_large,1,445,NaN,bicycle,bicycle,cr,0445_cl_dnn_cr_bicycle_40_n02835271_17509.png
swin_large,1,446,NaN,airplane,airplane,bw,0446_cl_dnn_bw_airplane_40_n02690373_3090.png
swin_large,1,447,NaN,chair,chair,cr,0447_cl_dnn_cr_chair_40_n03376595_1302.png
swin_large,1,448,NaN,dog,dog,cr,0448_cl_dnn_cr_dog_40_n02107683_3640.png
swin_large,1,449,NaN,car,car,cr,0449_cl_dnn_cr_car_40_n03100240_770.png
swin_large,1,450,NaN,knife,knife,cr,0450_cl_dnn_cr_knife_40_n03041632_4305.png
swin_large,1,451,NaN,elephant,elephant,cr,0451_cl_dnn_cr_elephant_40_n02504013_4590.png
swin_large,1,452,NaN,truck,truck,cr,0452_cl_dnn_cr_truck_40_n03417042_5752.png
swin_large,1,453,NaN,oven,oven,cr,0453_cl_dnn_cr_oven_40_n04111531_21931.png
swin_large,1,454,NaN,elephant,elephant,bw,0454_cl_dnn_bw_elephant_40_n02504458_4711.png
swin_large,1,455,NaN,clock,clock,bw,0455_cl_dnn_bw_clock_40_n02708093_8033.png
swin_large,1,456,NaN,bicycle,bicycle,bw,0456_cl_dnn_bw_bicycle_40_n03792782_41992.png
swin_large,1,457,NaN,keyboard,keyboard,cr,0457_cl_dnn_cr_keyboard_40_n03085013_5622.png
swin_large,1,458,NaN,bird,bird,bw,0458_cl_dnn_bw_bird_40_n02009912_1919.png
swin_large,1,459,NaN,bottle,bottle,cr,0459_cl_dnn_cr_bottle_40_n03937543_4202.png
swin_large,1,460,NaN,bicycle,bicycle,bw,0460_cl_dnn_bw_bicycle_40_n02835271_4341.png
swin_large,1,461,NaN,bear,bear,bw,0461_cl_dnn_bw_bear_40_n02132136_18543.png
swin_large,1,462,NaN,cat,cat,bw,0462_cl_dnn_bw_cat_40_n02124075_14425.png
swin_large,1,463,NaN,clock,clock,bw,0463_cl_dnn_bw_clock_40_n02708093_544.png
swin_large,1,464,NaN,bear,bear,cr,0464_cl_dnn_cr_bear_40_n02133161_7604.png
swin_large,1,465,NaN,car,car,bw,0465_cl_dnn_bw_car_40_n03100240_15407.png
swin_large,1,466,NaN,bicycle,bicycle,bw,0466_cl_dnn_bw_bicycle_40_n02835271_12926.png
swin_large,1,467,NaN,chair,chair,cr,0467_cl_dnn_cr_chair_40_n03376595_2056.png
swin_large,1,468,NaN,oven,oven,bw,0468_cl_dnn_bw_oven_40_n04111531_9762.png
swin_large,1,469,NaN,bicycle,bicycle,bw,0469_cl_dnn_bw_bicycle_40_n03792782_25799.png
swin_large,1,470,NaN,oven,oven,cr,0470_cl_dnn_cr_oven_40_n04111531_3570.png
swin_large,1,471,NaN,car,car,cr,0471_cl_dnn_cr_car_40_n04285008_874.png
swin_large,1,472,NaN,bottle,bottle,cr,0472_cl_dnn_cr_bottle_40_n04557648_364.png
swin_large,1,473,NaN,airplane,airplane,bw,0473_cl_dnn_bw_airplane_40_n02690373_8461.png
swin_large,1,474,NaN,boat,boat,cr,0474_cl_dnn_cr_boat_40_n04273569_1087.png
swin_large,1,475,NaN,chair,chair,cr,0475_cl_dnn_cr_chair_40_n03376595_1798.png
swin_large,1,476,NaN,oven,oven,cr,0476_cl_dnn_cr_oven_40_n04111531_5290.png
swin_large,1,477,NaN,cat,cat,bw,0477_cl_dnn_bw_cat_40_n02124075_12369.png
swin_large,1,478,NaN,elephant,elephant,bw,0478_cl_dnn_bw_elephant_40_n02504458_3714.png
swin_large,1,479,NaN,bicycle,bicycle,bw,0479_cl_dnn_bw_bicycle_40_n03792782_7388.png
swin_large,1,480,NaN,truck,truck,cr,0480_cl_dnn_cr_truck_40_n03796401_18240.png
swin_large,1,481,NaN,airplane,airplane,cr,0481_cl_dnn_cr_airplane_40_n02690373_610.png
swin_large,1,482,NaN,airplane,airplane,bw,0482_cl_dnn_bw_airplane_40_n02690373_6046.png
swin_large,1,483,NaN,dog,dog,cr,0483_cl_dnn_cr_dog_40_n02105505_4069.png
swin_large,1,484,NaN,chair,chair,bw,0484_cl_dnn_bw_chair_40_n04429376_1954.png
swin_large,1,485,NaN,oven,oven,bw,0485_cl_dnn_bw_oven_40_n04111531_7862.png
swin_large,1,486,NaN,chair,chair,cr,0486_cl_dnn_cr_chair_40_n02791124_7424.png
swin_large,1,487,NaN,dog,dog,bw,0487_cl_dnn_bw_dog_40_n02088466_5521.png
swin_large,1,488,NaN,bear,bear,cr,0488_cl_dnn_cr_bear_40_n02133161_12868.png
swin_large,1,489,NaN,keyboard,keyboard,bw,0489_cl_dnn_bw_keyboard_40_n04505470_4107.png
swin_large,1,490,NaN,boat,boat,bw,0490_cl_dnn_bw_boat_40_n03662601_855.png
swin_large,1,491,NaN,bird,bird,cr,0491_cl_dnn_cr_bird_40_n02017213_7558.png
swin_large,1,492,NaN,bottle,bottle,bw,0492_cl_dnn_bw_bottle_40_n04557648_23801.png
swin_large,1,493,NaN,bird,bird,bw,0493_cl_dnn_bw_bird_40_n01601694_13054.png
swin_large,1,494,NaN,oven,oven,bw,0494_cl_dnn_bw_oven_40_n04111531_2207.png
swin_large,1,495,NaN,bird,bird,bw,0495_cl_dnn_bw_bird_40_n02009912_9425.png
swin_large,1,496,NaN,clock,clock,cr,0496_cl_dnn_cr_clock_40_n03196217_6193.png
swin_large,1,497,NaN,boat,boat,bw,0497_cl_dnn_bw_boat_40_n04273569_27625.png
swin_large,1,498,NaN,truck,truck,bw,0498_cl_dnn_bw_truck_40_n03417042_29855.png
swin_large,1,499,NaN,bottle,bottle,cr,0499_cl_dnn_cr_bottle_40_n03983396_4212.png
swin_large,1,500,NaN,cat,cat,bw,0500_cl_dnn_bw_cat_40_n02123597_11613.png
swin_large,1,501,NaN,clock,clock,cr,0501_cl_dnn_cr_clock_40_n02708093_1559.png
swin_large,1,502,NaN,chair,chair,cr,0502_cl_dnn_cr_chair_40_n02791124_7031.png
swin_large,1,503,NaN,bottle,bottle,cr,0503_cl_dnn_cr_bottle_40_n04560804_1703.png
swin_large,1,504,NaN,bottle,bottle,bw,0504_cl_dnn_bw_bottle_40_n04560804_15679.png
swin_large,1,505,NaN,bottle,bottle,bw,0505_cl_dnn_bw_bottle_40_n03983396_1006.png
swin_large,1,506,NaN,knife,knife,bw,0506_cl_dnn_bw_knife_40_n03041632_100645.png
swin_large,1,507,NaN,car,car,cr,0507_cl_dnn_cr_car_40_n02814533_54845.png
swin_large,1,508,NaN,keyboard,keyboard,cr,0508_cl_dnn_cr_keyboard_40_n03085013_20078.png
swin_large,1,509,NaN,chair,chair,cr,0509_cl_dnn_cr_chair_40_n04099969_4543.png
swin_large,1,510,NaN,bear,bear,cr,0510_cl_dnn_cr_bear_40_n02134418_1253.png
swin_large,1,511,NaN,bicycle,bicycle,bw,0511_cl_dnn_bw_bicycle_40_n02835271_8137.png
swin_large,1,512,NaN,keyboard,keyboard,bw,0512_cl_dnn_bw_keyboard_40_n04505470_7312.png
swin_large,1,513,NaN,elephant,elephant,cr,0513_cl_dnn_cr_elephant_40_n02504013_2460.png
swin_large,1,514,NaN,clock,clock,cr,0514_cl_dnn_cr_clock_40_n04548280_13469.png
swin_large,1,515,NaN,chair,chair,cr,0515_cl_dnn_cr_chair_40_n02791124_3161.png
swin_large,1,516,NaN,dog,dog,cr,0516_cl_dnn_cr_dog_40_n02093647_1818.png
swin_large,1,517,NaN,chair,chair,cr,0517_cl_dnn_cr_chair_40_n02791124_4294.png
swin_large,1,518,NaN,cat,cat,cr,0518_cl_dnn_cr_cat_40_n02124075_3533.png
swin_large,1,519,NaN,boat,boat,cr,0519_cl_dnn_cr_boat_40_n03344393_2480.png
swin_large,1,520,NaN,car,car,bw,0520_cl_dnn_bw_car_40_n02814533_95054.png
swin_large,1,521,NaN,bottle,bottle,cr,0521_cl_dnn_cr_bottle_40_n03937543_1808.png
swin_large,1,522,NaN,car,car,cr,0522_cl_dnn_cr_car_40_n02814533_72213.png
swin_large,1,523,NaN,clock,clock,cr,0523_cl_dnn_cr_clock_40_n03196217_1499.png
swin_large,1,524,NaN,cat,cat,cr,0524_cl_dnn_cr_cat_40_n02123045_5300.png
swin_large,1,525,NaN,bird,bird,bw,0525_cl_dnn_bw_bird_40_n02006656_3185.png
swin_large,1,526,NaN,clock,clock,cr,0526_cl_dnn_cr_clock_40_n03196217_4541.png
swin_large,1,527,NaN,cat,cat,cr,0527_cl_dnn_cr_cat_40_n02123159_2317.png
swin_large,1,528,NaN,bear,bear,cr,0528_cl_dnn_cr_bear_40_n02133161_1362.png
swin_large,1,529,NaN,clock,clock,bw,0529_cl_dnn_bw_clock_40_n04548280_1202.png
swin_large,1,530,NaN,dog,dog,bw,0530_cl_dnn_bw_dog_40_n02095570_6717.png
swin_large,1,531,NaN,car,car,bw,0531_cl_dnn_bw_car_40_n03100240_15941.png
swin_large,1,532,NaN,chair,chair,bw,0532_cl_dnn_bw_chair_40_n02791124_1443.png
swin_large,1,533,NaN,bottle,bottle,cr,0533_cl_dnn_cr_bottle_40_n04557648_830.png
swin_large,1,534,NaN,truck,truck,cr,0534_cl_dnn_cr_truck_40_n03417042_8298.png
swin_large,1,535,NaN,clock,clock,bw,0535_cl_dnn_bw_clock_40_n02708093_4569.png
swin_large,1,536,NaN,keyboard,keyboard,cr,0536_cl_dnn_cr_keyboard_40_n03085013_7576.png
swin_large,1,537,NaN,truck,truck,bw,0537_cl_dnn_bw_truck_40_n03417042_27093.png
swin_large,1,538,NaN,elephant,elephant,cr,0538_cl_dnn_cr_elephant_40_n02504013_13560.png
swin_large,1,539,NaN,car,car,bw,0539_cl_dnn_bw_car_40_n04285008_12045.png
swin_large,1,540,NaN,airplane,airplane,cr,0540_cl_dnn_cr_airplane_40_n02690373_5176.png
swin_large,1,541,NaN,bicycle,bicycle,bw,0541_cl_dnn_bw_bicycle_40_n03792782_6194.png
swin_large,1,542,NaN,oven,oven,cr,0542_cl_dnn_cr_oven_40_n04111531_15912.png
swin_large,1,543,NaN,oven,oven,cr,0543_cl_dnn_cr_oven_40_n04111531_2592.png
swin_large,1,544,NaN,bird,bird,cr,0544_cl_dnn_cr_bird_40_n02011460_2435.png
swin_large,1,545,NaN,car,car,cr,0545_cl_dnn_cr_car_40_n02814533_33205.png
swin_large,1,546,NaN,oven,oven,bw,0546_cl_dnn_bw_oven_40_n04111531_14959.png
swin_large,1,547,NaN,clock,clock,cr,0547_cl_dnn_cr_clock_40_n04548280_6743.png
swin_large,1,548,NaN,knife,knife,bw,0548_cl_dnn_bw_knife_40_n03041632_15299.png
swin_large,1,549,NaN,clock,clock,bw,0549_cl_dnn_bw_clock_40_n03196217_127.png
swin_large,1,550,NaN,boat,boat,bw,0550_cl_dnn_bw_boat_40_n04273569_12917.png
swin_large,1,551,NaN,airplane,airplane,cr,0551_cl_dnn_cr_airplane_40_n02690373_9626.png
swin_large,1,552,NaN,bear,bear,cr,0552_cl_dnn_cr_bear_40_n02134084_20500.png
swin_large,1,553,NaN,bear,bear,bw,0553_cl_dnn_bw_bear_40_n02132136_6890.png
swin_large,1,554,NaN,bottle,bottle,bw,0554_cl_dnn_bw_bottle_40_n02823428_3049.png
swin_large,1,555,NaN,keyboard,keyboard,cr,0555_cl_dnn_cr_keyboard_40_n03085013_22837.png
swin_large,1,556,NaN,keyboard,keyboard,bw,0556_cl_dnn_bw_keyboard_40_n03085013_3264.png
swin_large,1,557,NaN,bear,bear,bw,0557_cl_dnn_bw_bear_40_n02134418_7795.png
swin_large,1,558,NaN,boat,boat,bw,0558_cl_dnn_bw_boat_40_n02951358_34163.png
swin_large,1,559,NaN,bear,bear,cr,0559_cl_dnn_cr_bear_40_n02132136_8637.png
swin_large,1,560,NaN,truck,truck,cr,0560_cl_dnn_cr_truck_40_n03417042_4218.png
swin_large,1,561,NaN,clock,clock,bw,0561_cl_dnn_bw_clock_40_n04548280_4473.png
swin_large,1,562,NaN,bear,bear,bw,0562_cl_dnn_bw_bear_40_n02132136_21799.png
swin_large,1,563,NaN,bird,bird,cr,0563_cl_dnn_cr_bird_40_n01531178_5780.png
swin_large,1,564,NaN,truck,truck,cr,0564_cl_dnn_cr_truck_40_n03796401_27184.png
swin_large,1,565,NaN,clock,clock,bw,0565_cl_dnn_bw_clock_40_n03196217_5258.png
swin_large,1,566,NaN,bird,bird,cr,0566_cl_dnn_cr_bird_40_n02002556_15337.png
swin_large,1,567,NaN,bottle,bottle,cr,0567_cl_dnn_cr_bottle_40_n04560804_3683.png
swin_large,1,568,NaN,bicycle,bicycle,cr,0568_cl_dnn_cr_bicycle_40_n02835271_8511.png
swin_large,1,569,NaN,bear,bear,cr,0569_cl_dnn_cr_bear_40_n02134084_23974.png
swin_large,1,570,NaN,dog,dog,bw,0570_cl_dnn_bw_dog_40_n02091244_9271.png
swin_large,1,571,NaN,bear,bear,cr,0571_cl_dnn_cr_bear_40_n02133161_6946.png
swin_large,1,572,NaN,truck,truck,bw,0572_cl_dnn_bw_truck_40_n04467665_10060.png
swin_large,1,573,NaN,oven,oven,bw,0573_cl_dnn_bw_oven_40_n04111531_5328.png
swin_large,1,574,NaN,bottle,bottle,cr,0574_cl_dnn_cr_bottle_40_n04560804_2005.png
swin_large,1,575,NaN,bear,bear,bw,0575_cl_dnn_bw_bear_40_n02134084_3695.png
swin_large,1,576,NaN,cat,cat,bw,0576_cl_dnn_bw_cat_40_n02123597_2219.png
swin_large,1,577,NaN,chair,chair,bw,0577_cl_dnn_bw_chair_40_n02791124_6077.png
swin_large,1,578,NaN,bottle,bottle,cr,0578_cl_dnn_cr_bottle_40_n04579145_7431.png
swin_large,1,579,NaN,keyboard,keyboard,bw,0579_cl_dnn_bw_keyboard_40_n04505470_510.png
swin_large,1,580,NaN,oven,oven,cr,0580_cl_dnn_cr_oven_40_n04111531_4452.png
swin_large,1,581,NaN,elephant,elephant,bw,0581_cl_dnn_bw_elephant_40_n02504013_237.png
swin_large,1,582,NaN,elephant,elephant,cr,0582_cl_dnn_cr_elephant_40_n02504013_10351.png
swin_large,1,583,NaN,elephant,elephant,cr,0583_cl_dnn_cr_elephant_40_n02504458_1304.png
swin_large,1,584,NaN,dog,dog,bw,0584_cl_dnn_bw_dog_40_n02104365_9837.png
swin_large,1,585,NaN,cat,cat,cr,0585_cl_dnn_cr_cat_40_n02123045_9661.png
swin_large,1,586,NaN,bottle,bottle,bw,0586_cl_dnn_bw_bottle_40_n02823428_5214.png
swin_large,1,587,NaN,bird,bird,bw,0587_cl_dnn_bw_bird_40_n01828970_5448.png
swin_large,1,588,NaN,car,car,cr,0588_cl_dnn_cr_car_40_n02814533_83874.png
swin_large,1,589,NaN,oven,oven,bw,0589_cl_dnn_bw_oven_40_n04111531_8036.png
swin_large,1,590,NaN,oven,oven,cr,0590_cl_dnn_cr_oven_40_n04111531_7355.png
swin_large,1,591,NaN,car,car,bw,0591_cl_dnn_bw_car_40_n04285008_13354.png
swin_large,1,592,NaN,clock,clock,cr,0592_cl_dnn_cr_clock_40_n02708093_8267.png
swin_large,1,593,NaN,cat,cat,bw,0593_cl_dnn_bw_cat_40_n02124075_14242.png
swin_large,1,594,NaN,knife,knife,cr,0594_cl_dnn_cr_knife_40_n03041632_4279.png
swin_large,1,595,NaN,oven,oven,cr,0595_cl_dnn_cr_oven_40_n04111531_2296.png
swin_large,1,596,NaN,boat,boat,cr,0596_cl_dnn_cr_boat_40_n03344393_5859.png
swin_large,1,597,NaN,car,car,cr,0597_cl_dnn_cr_car_40_n02814533_57176.png
swin_large,1,598,NaN,cat,cat,bw,0598_cl_dnn_bw_cat_40_n02123159_1769.png
swin_large,1,599,NaN,clock,clock,cr,0599_cl_dnn_cr_clock_40_n02708093_4976.png
swin_large,1,600,NaN,truck,truck,cr,0600_cl_dnn_cr_truck_40_n03796401_8864.png
swin_large,1,601,NaN,clock,clock,bw,0601_cl_dnn_bw_clock_40_n03196217_868.png
swin_large,1,602,NaN,keyboard,keyboard,bw,0602_cl_dnn_bw_keyboard_40_n03085013_3910.png
swin_large,1,603,NaN,bicycle,bicycle,cr,0603_cl_dnn_cr_bicycle_40_n03792782_5466.png
swin_large,1,604,NaN,bear,bear,bw,0604_cl_dnn_bw_bear_40_n02132136_23248.png
swin_large,1,605,NaN,truck,truck,bw,0605_cl_dnn_bw_truck_40_n03417042_2794.png
swin_large,1,606,NaN,chair,chair,bw,0606_cl_dnn_bw_chair_40_n02791124_7324.png
swin_large,1,607,NaN,bicycle,bicycle,bw,0607_cl_dnn_bw_bicycle_40_n02835271_6736.png
swin_large,1,608,NaN,clock,clock,bw,0608_cl_dnn_bw_clock_40_n04548280_8990.png
swin_large,1,609,NaN,airplane,airplane,bw,0609_cl_dnn_bw_airplane_40_n02690373_971.png
swin_large,1,610,NaN,bear,bear,bw,0610_cl_dnn_bw_bear_40_n02132136_23853.png
swin_large,1,611,NaN,clock,clock,cr,0611_cl_dnn_cr_clock_40_n03196217_3416.png
swin_large,1,612,NaN,clock,clock,bw,0612_cl_dnn_bw_clock_40_n04548280_4346.png
swin_large,1,613,NaN,oven,oven,cr,0613_cl_dnn_cr_oven_40_n04111531_2342.png
swin_large,1,614,NaN,chair,chair,bw,0614_cl_dnn_bw_chair_40_n04099969_8509.png
swin_large,1,615,NaN,bottle,bottle,bw,0615_cl_dnn_bw_bottle_40_n03937543_4340.png
swin_large,1,616,NaN,boat,clock,bw,0616_cl_dnn_bw_clock_40_n02708093_6655.png
swin_large,1,617,NaN,cat,cat,cr,0617_cl_dnn_cr_cat_40_n02123159_1339.png
swin_large,1,618,NaN,knife,knife,bw,0618_cl_dnn_bw_knife_40_n03041632_30553.png
swin_large,1,619,NaN,bicycle,bicycle,cr,0619_cl_dnn_cr_bicycle_40_n03792782_18707.png
swin_large,1,620,NaN,elephant,elephant,bw,0620_cl_dnn_bw_elephant_40_n02504458_3648.png
swin_large,1,621,NaN,elephant,elephant,cr,0621_cl_dnn_cr_elephant_40_n02504458_1179.png
swin_large,1,622,NaN,clock,clock,bw,0622_cl_dnn_bw_clock_40_n02708093_391.png
swin_large,1,623,NaN,car,car,cr,0623_cl_dnn_cr_car_40_n04285008_3453.png
swin_large,1,624,NaN,airplane,airplane,bw,0624_cl_dnn_bw_airplane_40_n02690373_2800.png
swin_large,1,625,NaN,cat,cat,cr,0625_cl_dnn_cr_cat_40_n02123394_979.png
swin_large,1,626,NaN,dog,dog,cr,0626_cl_dnn_cr_dog_40_n02105641_4701.png
swin_large,1,627,NaN,boat,boat,cr,0627_cl_dnn_cr_boat_40_n04273569_13641.png
swin_large,1,628,NaN,car,car,cr,0628_cl_dnn_cr_car_40_n02814533_74825.png
swin_large,1,629,NaN,airplane,airplane,cr,0629_cl_dnn_cr_airplane_40_n02690373_6812.png
swin_large,1,630,NaN,car,car,bw,0630_cl_dnn_bw_car_40_n03100240_19223.png
swin_large,1,631,NaN,bottle,bottle,bw,0631_cl_dnn_bw_bottle_40_n03983396_3817.png
swin_large,1,632,NaN,elephant,elephant,bw,0632_cl_dnn_bw_elephant_40_n02504013_1432.png
swin_large,1,633,NaN,boat,boat,cr,0633_cl_dnn_cr_boat_40_n03662601_35008.png
swin_large,1,634,NaN,oven,oven,bw,0634_cl_dnn_bw_oven_40_n04111531_14055.png
swin_large,1,635,NaN,airplane,airplane,bw,0635_cl_dnn_bw_airplane_40_n02690373_9812.png
swin_large,1,636,NaN,car,car,cr,0636_cl_dnn_cr_car_40_n04285008_6200.png
swin_large,1,637,NaN,clock,clock,cr,0637_cl_dnn_cr_clock_40_n04548280_5889.png
swin_large,1,638,NaN,chair,chair,bw,0638_cl_dnn_bw_chair_40_n03376595_2924.png
swin_large,1,639,NaN,airplane,airplane,bw,0639_cl_dnn_bw_airplane_40_n02690373_693.png
swin_large,1,640,NaN,bicycle,bicycle,bw,0640_cl_dnn_bw_bicycle_40_n03792782_1778.png
swin_large,1,641,NaN,clock,clock,cr,0641_cl_dnn_cr_clock_40_n02708093_444.png
swin_large,1,642,NaN,clock,clock,cr,0642_cl_dnn_cr_clock_40_n02708093_3385.png
swin_large,1,643,NaN,clock,clock,cr,0643_cl_dnn_cr_clock_40_n03196217_970.png
swin_large,1,644,NaN,clock,clock,bw,0644_cl_dnn_bw_clock_40_n04548280_4839.png
swin_large,1,645,NaN,truck,truck,bw,0645_cl_dnn_bw_truck_40_n03796401_1853.png
swin_large,1,646,NaN,bottle,bottle,bw,0646_cl_dnn_bw_bottle_40_n04591713_2680.png
swin_large,1,647,NaN,clock,clock,bw,0647_cl_dnn_bw_clock_40_n02708093_3691.png
swin_large,1,648,NaN,cat,cat,bw,0648_cl_dnn_bw_cat_40_n02123045_12762.png
swin_large,1,649,NaN,cat,cat,cr,0649_cl_dnn_cr_cat_40_n02124075_17464.png
swin_large,1,650,NaN,chair,chair,bw,0650_cl_dnn_bw_chair_40_n02791124_5690.png
swin_large,1,651,NaN,bird,bird,bw,0651_cl_dnn_bw_bird_40_n01592084_5361.png
swin_large,1,652,NaN,truck,truck,cr,0652_cl_dnn_cr_truck_40_n04467665_34228.png
swin_large,1,653,NaN,bear,bear,cr,0653_cl_dnn_cr_bear_40_n02133161_4282.png
swin_large,1,654,NaN,cat,cat,bw,0654_cl_dnn_bw_cat_40_n02125311_20219.png
swin_large,1,655,NaN,bicycle,bicycle,cr,0655_cl_dnn_cr_bicycle_40_n02835271_8502.png
swin_large,1,656,NaN,dog,dog,bw,0656_cl_dnn_bw_dog_40_n02110958_5624.png
swin_large,1,657,NaN,knife,knife,bw,0657_cl_dnn_bw_knife_40_n03041632_35365.png
swin_large,1,658,NaN,bear,bear,bw,0658_cl_dnn_bw_bear_40_n02134418_399.png
swin_large,1,659,NaN,bear,bear,cr,0659_cl_dnn_cr_bear_40_n02132136_4314.png
swin_large,1,660,NaN,keyboard,keyboard,cr,0660_cl_dnn_cr_keyboard_40_n04505470_996.png
swin_large,1,661,NaN,airplane,airplane,cr,0661_cl_dnn_cr_airplane_40_n02690373_3313.png
swin_large,1,662,NaN,knife,knife,bw,0662_cl_dnn_bw_knife_40_n03041632_9302.png
swin_large,1,663,NaN,clock,clock,bw,0663_cl_dnn_bw_clock_40_n04548280_7211.png
swin_large,1,664,NaN,bird,bird,cr,0664_cl_dnn_cr_bird_40_n01829413_122.png
swin_large,1,665,NaN,keyboard,keyboard,cr,0665_cl_dnn_cr_keyboard_40_n03085013_24001.png
swin_large,1,666,NaN,bottle,bottle,cr,0666_cl_dnn_cr_bottle_40_n03937543_3219.png
swin_large,1,667,NaN,keyboard,keyboard,bw,0667_cl_dnn_bw_keyboard_40_n03085013_19916.png
swin_large,1,668,NaN,cat,cat,cr,0668_cl_dnn_cr_cat_40_n02123159_6609.png
swin_large,1,669,NaN,cat,cat,bw,0669_cl_dnn_bw_cat_40_n02125311_17543.png
swin_large,1,670,NaN,bear,bear,bw,0670_cl_dnn_bw_bear_40_n02134418_1043.png
swin_large,1,671,NaN,chair,chair,bw,0671_cl_dnn_bw_chair_40_n04099969_43.png
swin_large,1,672,NaN,airplane,airplane,bw,0672_cl_dnn_bw_airplane_40_n02690373_1912.png
swin_large,1,673,NaN,bicycle,bicycle,cr,0673_cl_dnn_cr_bicycle_40_n02835271_1426.png
swin_large,1,674,NaN,bicycle,bicycle,bw,0674_cl_dnn_bw_bicycle_40_n03792782_47426.png
swin_large,1,675,NaN,truck,truck,cr,0675_cl_dnn_cr_truck_40_n03417042_27404.png
swin_large,1,676,NaN,clock,clock,cr,0676_cl_dnn_cr_clock_40_n04548280_4349.png
swin_large,1,677,NaN,oven,oven,bw,0677_cl_dnn_bw_oven_40_n04111531_8193.png
swin_large,1,678,NaN,boat,boat,bw,0678_cl_dnn_bw_boat_40_n03344393_11855.png
swin_large,1,679,NaN,bottle,bottle,bw,0679_cl_dnn_bw_bottle_40_n02823428_6830.png
swin_large,1,680,NaN,bottle,bottle,bw,0680_cl_dnn_bw_bottle_40_n02823428_3298.png
swin_large,1,681,NaN,oven,oven,bw,0681_cl_dnn_bw_oven_40_n04111531_615.png
swin_large,1,682,NaN,clock,clock,cr,0682_cl_dnn_cr_clock_40_n03196217_9736.png
swin_large,1,683,NaN,clock,clock,cr,0683_cl_dnn_cr_clock_40_n03196217_6293.png
swin_large,1,684,NaN,bicycle,bicycle,cr,0684_cl_dnn_cr_bicycle_40_n02835271_15524.png
swin_large,1,685,NaN,oven,oven,cr,0685_cl_dnn_cr_oven_40_n04111531_10749.png
swin_large,1,686,NaN,car,car,cr,0686_cl_dnn_cr_car_40_n03100240_9354.png
swin_large,1,687,NaN,chair,chair,bw,0687_cl_dnn_bw_chair_40_n03376595_9695.png
swin_large,1,688,NaN,cat,cat,bw,0688_cl_dnn_bw_cat_40_n02125311_7729.png
swin_large,1,689,NaN,clock,clock,cr,0689_cl_dnn_cr_clock_40_n04548280_7153.png
swin_large,1,690,NaN,boat,boat,cr,0690_cl_dnn_cr_boat_40_n03344393_3355.png
swin_large,1,691,NaN,boat,boat,bw,0691_cl_dnn_bw_boat_40_n02951358_381.png
swin_large,1,692,NaN,boat,boat,cr,0692_cl_dnn_cr_boat_40_n03344393_6226.png
swin_large,1,693,NaN,car,car,bw,0693_cl_dnn_bw_car_40_n03100240_8206.png
swin_large,1,694,NaN,boat,boat,bw,0694_cl_dnn_bw_boat_40_n04273569_4044.png
swin_large,1,695,NaN,bicycle,bicycle,cr,0695_cl_dnn_cr_bicycle_40_n02835271_8180.png
swin_large,1,696,NaN,bear,bear,cr,0696_cl_dnn_cr_bear_40_n02134418_1063.png
swin_large,1,697,NaN,truck,truck,bw,0697_cl_dnn_bw_truck_40_n03417042_265.png
swin_large,1,698,NaN,cat,cat,cr,0698_cl_dnn_cr_cat_40_n02124075_8351.png
swin_large,1,699,NaN,clock,clock,bw,0699_cl_dnn_bw_clock_40_n03196217_4004.png
swin_large,1,700,NaN,car,car,cr,0700_cl_dnn_cr_car_40_n04285008_8093.png
swin_large,1,701,NaN,knife,knife,bw,0701_cl_dnn_bw_knife_40_n03041632_131.png
swin_large,1,702,NaN,car,car,bw,0702_cl_dnn_bw_car_40_n03100240_6479.png
swin_large,1,703,NaN,clock,clock,bw,0703_cl_dnn_bw_clock_40_n03196217_5365.png
swin_large,1,704,NaN,bear,bear,bw,0704_cl_dnn_bw_bear_40_n02134418_6123.png
swin_large,1,705,NaN,bear,bear,cr,0705_cl_dnn_cr_bear_40_n02134418_5273.png
swin_large,1,706,NaN,bird,bird,cr,0706_cl_dnn_cr_bird_40_n01558993_11456.png
swin_large,1,707,NaN,oven,oven,cr,0707_cl_dnn_cr_oven_40_n04111531_6080.png
swin_large,1,708,NaN,knife,knife,bw,0708_cl_dnn_bw_knife_40_n03041632_101553.png
swin_large,1,709,NaN,oven,oven,bw,0709_cl_dnn_bw_oven_40_n04111531_10436.png
swin_large,1,710,NaN,clock,clock,cr,0710_cl_dnn_cr_clock_40_n02708093_3621.png
swin_large,1,711,NaN,knife,knife,cr,0711_cl_dnn_cr_knife_40_n03041632_14801.png
swin_large,1,712,NaN,dog,dog,cr,0712_cl_dnn_cr_dog_40_n02097130_456.png
swin_large,1,713,NaN,chair,chair,cr,0713_cl_dnn_cr_chair_40_n04429376_21081.png
swin_large,1,714,NaN,bicycle,bicycle,cr,0714_cl_dnn_cr_bicycle_40_n02835271_2068.png
swin_large,1,715,NaN,chair,chair,cr,0715_cl_dnn_cr_chair_40_n03376595_1773.png
swin_large,1,716,NaN,car,car,bw,0716_cl_dnn_bw_car_40_n03100240_23849.png
swin_large,1,717,NaN,car,car,bw,0717_cl_dnn_bw_car_40_n04285008_4834.png
swin_large,1,718,NaN,knife,knife,cr,0718_cl_dnn_cr_knife_40_n03041632_18859.png
swin_large,1,719,NaN,car,car,bw,0719_cl_dnn_bw_car_40_n03100240_7013.png
swin_large,1,720,NaN,airplane,airplane,cr,0720_cl_dnn_cr_airplane_40_n02690373_1732.png
swin_large,1,721,NaN,dog,dog,cr,0721_cl_dnn_cr_dog_40_n02100877_1107.png
swin_large,1,722,NaN,dog,dog,bw,0722_cl_dnn_bw_dog_40_n02106662_50272.png
swin_large,1,723,NaN,boat,boat,cr,0723_cl_dnn_cr_boat_40_n03344393_3337.png
swin_large,1,724,NaN,oven,oven,bw,0724_cl_dnn_bw_oven_40_n04111531_4939.png
swin_large,1,725,NaN,knife,knife,bw,0725_cl_dnn_bw_knife_40_n03041632_37513.png
swin_large,1,726,NaN,chair,chair,cr,0726_cl_dnn_cr_chair_40_n04429376_7089.png
swin_large,1,727,NaN,knife,knife,cr,0727_cl_dnn_cr_knife_40_n03041632_32048.png
swin_large,1,728,NaN,boat,boat,cr,0728_cl_dnn_cr_boat_40_n02951358_5355.png
swin_large,1,729,NaN,bird,bird,cr,0729_cl_dnn_cr_bird_40_n01797886_3876.png
swin_large,1,730,NaN,boat,boat,bw,0730_cl_dnn_bw_boat_40_n04273569_517.png
swin_large,1,731,NaN,chair,chair,cr,0731_cl_dnn_cr_chair_40_n04099969_17727.png
swin_large,1,732,NaN,keyboard,keyboard,cr,0732_cl_dnn_cr_keyboard_40_n03085013_6644.png
swin_large,1,733,NaN,knife,knife,bw,0733_cl_dnn_bw_knife_40_n03041632_32177.png
swin_large,1,734,NaN,chair,chair,bw,0734_cl_dnn_bw_chair_40_n03376595_2420.png
swin_large,1,735,NaN,clock,clock,bw,0735_cl_dnn_bw_clock_40_n02708093_1430.png
swin_large,1,736,NaN,knife,knife,cr,0736_cl_dnn_cr_knife_40_n03041632_90125.png
swin_large,1,737,NaN,truck,truck,cr,0737_cl_dnn_cr_truck_40_n04467665_67327.png
swin_large,1,738,NaN,dog,dog,bw,0738_cl_dnn_bw_dog_40_n02101556_8410.png
swin_large,1,739,NaN,boat,boat,bw,0739_cl_dnn_bw_boat_40_n03662601_6340.png
swin_large,1,740,NaN,bird,bird,cr,0740_cl_dnn_cr_bird_40_n01860187_2825.png
swin_large,1,741,NaN,keyboard,keyboard,cr,0741_cl_dnn_cr_keyboard_40_n04505470_8575.png
swin_large,1,742,NaN,boat,boat,bw,0742_cl_dnn_bw_boat_40_n03344393_3443.png
swin_large,1,743,NaN,boat,boat,bw,0743_cl_dnn_bw_boat_40_n03344393_5066.png
swin_large,1,744,NaN,elephant,elephant,bw,0744_cl_dnn_bw_elephant_40_n02504458_6995.png
swin_large,1,745,NaN,cat,cat,bw,0745_cl_dnn_bw_cat_40_n02123394_5708.png
swin_large,1,746,NaN,truck,truck,bw,0746_cl_dnn_bw_truck_40_n04467665_68331.png
swin_large,1,747,NaN,keyboard,keyboard,cr,0747_cl_dnn_cr_keyboard_40_n04505470_2740.png
swin_large,1,748,NaN,oven,oven,bw,0748_cl_dnn_bw_oven_40_n04111531_12103.png
swin_large,1,749,NaN,boat,boat,bw,0749_cl_dnn_bw_boat_40_n02951358_30020.png
swin_large,1,750,NaN,bottle,bottle,bw,0750_cl_dnn_bw_bottle_40_n03983396_16300.png
swin_large,1,751,NaN,chair,chair,bw,0751_cl_dnn_bw_chair_40_n02791124_3926.png
swin_large,1,752,NaN,knife,knife,bw,0752_cl_dnn_bw_knife_40_n03041632_5102.png
swin_large,1,753,NaN,keyboard,keyboard,bw,0753_cl_dnn_bw_keyboard_40_n03085013_20161.png
swin_large,1,754,NaN,bottle,bottle,bw,0754_cl_dnn_bw_bottle_40_n04591713_7959.png
swin_large,1,755,NaN,car,car,cr,0755_cl_dnn_cr_car_40_n04285008_10901.png
swin_large,1,756,NaN,bear,bear,cr,0756_cl_dnn_cr_bear_40_n02134084_4490.png
swin_large,1,757,NaN,truck,truck,cr,0757_cl_dnn_cr_truck_40_n03417042_8046.png
swin_large,1,758,NaN,bicycle,bicycle,bw,0758_cl_dnn_bw_bicycle_40_n03792782_13140.png
swin_large,1,759,NaN,boat,boat,bw,0759_cl_dnn_bw_boat_40_n03662601_8283.png
swin_large,1,760,NaN,elephant,elephant,bw,0760_cl_dnn_bw_elephant_40_n02504458_6930.png
swin_large,1,761,NaN,car,car,cr,0761_cl_dnn_cr_car_40_n03100240_3286.png
swin_large,1,762,NaN,bear,bear,bw,0762_cl_dnn_bw_bear_40_n02132136_7647.png
swin_large,1,763,NaN,bottle,bottle,bw,0763_cl_dnn_bw_bottle_40_n03983396_20329.png
swin_large,1,764,NaN,dog,dog,cr,0764_cl_dnn_cr_dog_40_n02097209_1491.png
swin_large,1,765,NaN,bicycle,bicycle,bw,0765_cl_dnn_bw_bicycle_40_n02835271_10813.png
swin_large,1,766,NaN,bird,bird,cr,0766_cl_dnn_cr_bird_40_n01833805_4859.png
swin_large,1,767,NaN,knife,knife,cr,0767_cl_dnn_cr_knife_40_n03041632_30573.png
swin_large,1,768,NaN,bottle,bottle,cr,0768_cl_dnn_cr_bottle_40_n04560804_15293.png
swin_large,1,769,NaN,cat,cat,cr,0769_cl_dnn_cr_cat_40_n02123045_4089.png
swin_large,1,770,NaN,knife,knife,cr,0770_cl_dnn_cr_knife_40_n03041632_32350.png
swin_large,1,771,NaN,oven,oven,cr,0771_cl_dnn_cr_oven_40_n04111531_11499.png
swin_large,1,772,NaN,elephant,elephant,bw,0772_cl_dnn_bw_elephant_40_n02504013_9401.png
swin_large,1,773,NaN,elephant,elephant,cr,0773_cl_dnn_cr_elephant_40_n02504013_6167.png
swin_large,1,774,NaN,truck,truck,cr,0774_cl_dnn_cr_truck_40_n04467665_4287.png
swin_large,1,775,NaN,car,car,cr,0775_cl_dnn_cr_car_40_n04285008_953.png
swin_large,1,776,NaN,bird,bird,bw,0776_cl_dnn_bw_bird_40_n01537544_2875.png
swin_large,1,777,NaN,bicycle,bicycle,cr,0777_cl_dnn_cr_bicycle_40_n02835271_14383.png
swin_large,1,778,NaN,cat,cat,cr,0778_cl_dnn_cr_cat_40_n02125311_28254.png
swin_large,1,779,NaN,keyboard,keyboard,bw,0779_cl_dnn_bw_keyboard_40_n04505470_3959.png
swin_large,1,780,NaN,clock,clock,cr,0780_cl_dnn_cr_clock_40_n03196217_10578.png
swin_large,1,781,NaN,chair,chair,bw,0781_cl_dnn_bw_chair_40_n04429376_27560.png
swin_large,1,782,NaN,oven,oven,bw,0782_cl_dnn_bw_oven_40_n04111531_9322.png
swin_large,1,783,NaN,airplane,airplane,bw,0783_cl_dnn_bw_airplane_40_n02690373_15966.png
swin_large,1,784,NaN,car,car,cr,0784_cl_dnn_cr_car_40_n02814533_27983.png
swin_large,1,785,NaN,knife,knife,bw,0785_cl_dnn_bw_knife_40_n03041632_2630.png
swin_large,1,786,NaN,bottle,bottle,bw,0786_cl_dnn_bw_bottle_40_n03983396_5611.png
swin_large,1,787,NaN,keyboard,keyboard,bw,0787_cl_dnn_bw_keyboard_40_n03085013_6561.png
swin_large,1,788,NaN,elephant,elephant,bw,0788_cl_dnn_bw_elephant_40_n02504458_10344.png
swin_large,1,789,NaN,bottle,bottle,cr,0789_cl_dnn_cr_bottle_40_n04557648_4302.png
swin_large,1,790,NaN,bird,bird,bw,0790_cl_dnn_bw_bird_40_n02002724_1459.png
swin_large,1,791,NaN,keyboard,keyboard,bw,0791_cl_dnn_bw_keyboard_40_n03085013_23800.png
swin_large,1,792,NaN,boat,boat,cr,0792_cl_dnn_cr_boat_40_n02951358_30622.png
swin_large,1,793,NaN,boat,boat,bw,0793_cl_dnn_bw_boat_40_n02951358_4128.png
swin_large,1,794,NaN,clock,clock,bw,0794_cl_dnn_bw_clock_40_n03196217_2414.png
swin_large,1,795,NaN,bicycle,bicycle,bw,0795_cl_dnn_bw_bicycle_40_n03792782_3705.png
swin_large,1,796,NaN,cat,cat,bw,0796_cl_dnn_bw_cat_40_n02123597_9939.png
swin_large,1,797,NaN,oven,oven,bw,0797_cl_dnn_bw_oven_40_n04111531_8263.png
swin_large,1,798,NaN,truck,truck,bw,0798_cl_dnn_bw_truck_40_n03417042_5229.png
swin_large,1,799,NaN,bottle,bottle,cr,0799_cl_dnn_cr_bottle_40_n04560804_545.png
swin_large,1,800,NaN,knife,knife,bw,0800_cl_dnn_bw_knife_40_n03041632_85488.png
swin_large,1,801,NaN,oven,oven,cr,0801_cl_dnn_cr_oven_40_n04111531_18430.png
swin_large,1,802,NaN,boat,boat,cr,0802_cl_dnn_cr_boat_40_n02951358_34003.png
swin_large,1,803,NaN,dog,dog,cr,0803_cl_dnn_cr_dog_40_n02110958_2175.png
swin_large,1,804,NaN,cat,cat,bw,0804_cl_dnn_bw_cat_40_n02123597_5298.png
swin_large,1,805,NaN,oven,oven,cr,0805_cl_dnn_cr_oven_40_n04111531_20914.png
swin_large,1,806,NaN,car,car,cr,0806_cl_dnn_cr_car_40_n02814533_76817.png
swin_large,1,807,NaN,airplane,airplane,cr,0807_cl_dnn_cr_airplane_40_n02690373_8650.png
swin_large,1,808,NaN,oven,oven,bw,0808_cl_dnn_bw_oven_40_n04111531_3575.png
swin_large,1,809,NaN,knife,knife,cr,0809_cl_dnn_cr_knife_40_n03041632_49570.png
swin_large,1,810,NaN,bear,bear,cr,0810_cl_dnn_cr_bear_40_n02133161_3988.png
swin_large,1,811,NaN,keyboard,keyboard,bw,0811_cl_dnn_bw_keyboard_40_n04505470_1903.png
swin_large,1,812,NaN,chair,chair,cr,0812_cl_dnn_cr_chair_40_n04099969_13948.png
swin_large,1,813,NaN,car,car,bw,0813_cl_dnn_bw_car_40_n04285008_2750.png
swin_large,1,814,NaN,knife,knife,bw,0814_cl_dnn_bw_knife_40_n03041632_11186.png
swin_large,1,815,NaN,cat,cat,bw,0815_cl_dnn_bw_cat_40_n02125311_46330.png
swin_large,1,816,NaN,clock,clock,cr,0816_cl_dnn_cr_clock_40_n04548280_4637.png
swin_large,1,817,NaN,airplane,airplane,cr,0817_cl_dnn_cr_airplane_40_n02690373_9086.png
swin_large,1,818,NaN,knife,knife,bw,0818_cl_dnn_bw_knife_40_n03041632_16172.png
swin_large,1,819,NaN,elephant,elephant,cr,0819_cl_dnn_cr_elephant_40_n02504458_4554.png
swin_large,1,820,NaN,bear,bear,bw,0820_cl_dnn_bw_bear_40_n02132136_2463.png
swin_large,1,821,NaN,chair,chair,bw,0821_cl_dnn_bw_chair_40_n02791124_2813.png
swin_large,1,822,NaN,boat,boat,cr,0822_cl_dnn_cr_boat_40_n03662601_8216.png
swin_large,1,823,NaN,airplane,airplane,bw,0823_cl_dnn_bw_airplane_40_n02690373_7748.png
swin_large,1,824,NaN,elephant,elephant,bw,0824_cl_dnn_bw_elephant_40_n02504013_2770.png
swin_large,1,825,NaN,dog,dog,bw,0825_cl_dnn_bw_dog_40_n02102973_5217.png
swin_large,1,826,NaN,keyboard,keyboard,bw,0826_cl_dnn_bw_keyboard_40_n04505470_4549.png
swin_large,1,827,NaN,keyboard,keyboard,bw,0827_cl_dnn_bw_keyboard_40_n04505470_3065.png
swin_large,1,828,NaN,car,car,bw,0828_cl_dnn_bw_car_40_n02814533_85368.png
swin_large,1,829,NaN,cat,cat,bw,0829_cl_dnn_bw_cat_40_n02125311_5300.png
swin_large,1,830,NaN,car,car,bw,0830_cl_dnn_bw_car_40_n02814533_45935.png
swin_large,1,831,NaN,keyboard,keyboard,bw,0831_cl_dnn_bw_keyboard_40_n03085013_7613.png
swin_large,1,832,NaN,clock,clock,bw,0832_cl_dnn_bw_clock_40_n02708093_394.png
swin_large,1,833,NaN,boat,boat,bw,0833_cl_dnn_bw_boat_40_n02951358_34662.png
swin_large,1,834,NaN,knife,knife,bw,0834_cl_dnn_bw_knife_40_n03041632_11327.png
swin_large,1,835,NaN,dog,dog,bw,0835_cl_dnn_bw_dog_40_n02091032_1035.png
swin_large,1,836,NaN,car,car,cr,0836_cl_dnn_cr_car_40_n02814533_6233.png
swin_large,1,837,NaN,bicycle,bicycle,bw,0837_cl_dnn_bw_bicycle_40_n02835271_5602.png
swin_large,1,838,NaN,boat,boat,bw,0838_cl_dnn_bw_boat_40_n02951358_32698.png
swin_large,1,839,NaN,knife,knife,cr,0839_cl_dnn_cr_knife_40_n03041632_44212.png
swin_large,1,840,NaN,elephant,elephant,bw,0840_cl_dnn_bw_elephant_40_n02504013_1560.png
swin_large,1,841,NaN,knife,knife,bw,0841_cl_dnn_bw_knife_40_n03041632_4808.png
swin_large,1,842,NaN,chair,chair,cr,0842_cl_dnn_cr_chair_40_n02791124_1239.png
swin_large,1,843,NaN,bicycle,bicycle,bw,0843_cl_dnn_bw_bicycle_40_n02835271_11332.png
swin_large,1,844,NaN,elephant,elephant,bw,0844_cl_dnn_bw_elephant_40_n02504458_6130.png
swin_large,1,845,NaN,keyboard,keyboard,bw,0845_cl_dnn_bw_keyboard_40_n04505470_713.png
swin_large,1,846,NaN,bottle,bottle,cr,0846_cl_dnn_cr_bottle_40_n03937543_2469.png
swin_large,1,847,NaN,boat,boat,cr,0847_cl_dnn_cr_boat_40_n03344393_9732.png
swin_large,1,848,NaN,clock,clock,cr,0848_cl_dnn_cr_clock_40_n02708093_2394.png
swin_large,1,849,NaN,knife,knife,cr,0849_cl_dnn_cr_knife_40_n03041632_7173.png
swin_large,1,850,NaN,airplane,airplane,bw,0850_cl_dnn_bw_airplane_40_n02690373_18936.png
swin_large,1,851,NaN,oven,oven,bw,0851_cl_dnn_bw_oven_40_n04111531_978.png
swin_large,1,852,NaN,bicycle,bicycle,bw,0852_cl_dnn_bw_bicycle_40_n03792782_710.png
swin_large,1,853,NaN,dog,dog,cr,0853_cl_dnn_cr_dog_40_n02097298_4393.png
swin_large,1,854,NaN,airplane,airplane,bw,0854_cl_dnn_bw_airplane_40_n02690373_4107.png
swin_large,1,855,NaN,keyboard,keyboard,cr,0855_cl_dnn_cr_keyboard_40_n04505470_4385.png
swin_large,1,856,NaN,bottle,bottle,bw,0856_cl_dnn_bw_bottle_40_n03983396_8684.png
swin_large,1,857,NaN,bird,bird,cr,0857_cl_dnn_cr_bird_40_n02056570_6364.png
swin_large,1,858,NaN,bear,bear,bw,0858_cl_dnn_bw_bear_40_n02133161_13267.png
swin_large,1,859,NaN,boat,boat,cr,0859_cl_dnn_cr_boat_40_n03344393_2408.png
swin_large,1,860,NaN,car,car,cr,0860_cl_dnn_cr_car_40_n03100240_12146.png
swin_large,1,861,NaN,bird,bird,bw,0861_cl_dnn_bw_bird_40_n01534433_8318.png
swin_large,1,862,NaN,cat,cat,cr,0862_cl_dnn_cr_cat_40_n02124075_9206.png
swin_large,1,863,NaN,chair,chair,bw,0863_cl_dnn_bw_chair_40_n04099969_22572.png
swin_large,1,864,NaN,car,car,bw,0864_cl_dnn_bw_car_40_n04285008_658.png
swin_large,1,865,NaN,knife,knife,cr,0865_cl_dnn_cr_knife_40_n03041632_51256.png
swin_large,1,866,NaN,dog,dog,bw,0866_cl_dnn_bw_dog_40_n02093256_3792.png
swin_large,1,867,NaN,car,car,cr,0867_cl_dnn_cr_car_40_n03100240_5121.png
swin_large,1,868,NaN,chair,chair,bw,0868_cl_dnn_bw_chair_40_n03376595_1766.png
swin_large,1,869,NaN,elephant,elephant,cr,0869_cl_dnn_cr_elephant_40_n02504013_4038.png
swin_large,1,870,NaN,elephant,elephant,cr,0870_cl_dnn_cr_elephant_40_n02504458_169.png
swin_large,1,871,NaN,airplane,airplane,cr,0871_cl_dnn_cr_airplane_40_n02690373_5342.png
swin_large,1,872,NaN,bicycle,bicycle,cr,0872_cl_dnn_cr_bicycle_40_n02835271_13023.png
swin_large,1,873,NaN,bird,bird,cr,0873_cl_dnn_cr_bird_40_n01797886_6946.png
swin_large,1,874,NaN,airplane,airplane,bw,0874_cl_dnn_bw_airplane_40_n02690373_9619.png
swin_large,1,875,NaN,boat,boat,cr,0875_cl_dnn_cr_boat_40_n03344393_5017.png
swin_large,1,876,NaN,elephant,elephant,cr,0876_cl_dnn_cr_elephant_40_n02504458_694.png
swin_large,1,877,NaN,bear,bear,bw,0877_cl_dnn_bw_bear_40_n02134084_21413.png
swin_large,1,878,NaN,airplane,airplane,cr,0878_cl_dnn_cr_airplane_40_n02690373_5142.png
swin_large,1,879,NaN,airplane,airplane,bw,0879_cl_dnn_bw_airplane_40_n02690373_4233.png
swin_large,1,880,NaN,bird,bird,bw,0880_cl_dnn_bw_bird_40_n01558993_6287.png
swin_large,1,881,NaN,bicycle,bicycle,cr,0881_cl_dnn_cr_bicycle_40_n03792782_18343.png
swin_large,1,882,NaN,airplane,airplane,cr,0882_cl_dnn_cr_airplane_40_n02690373_3859.png
swin_large,1,883,NaN,boat,boat,cr,0883_cl_dnn_cr_boat_40_n04273569_17983.png
swin_large,1,884,NaN,keyboard,keyboard,bw,0884_cl_dnn_bw_keyboard_40_n04505470_4856.png
swin_large,1,885,NaN,bottle,bottle,bw,0885_cl_dnn_bw_bottle_40_n02823428_1678.png
swin_large,1,886,NaN,bird,bird,cr,0886_cl_dnn_cr_bird_40_n02025239_6030.png
swin_large,1,887,NaN,bicycle,knife,cr,0887_cl_dnn_cr_knife_40_n03041632_28201.png
swin_large,1,888,NaN,elephant,elephant,cr,0888_cl_dnn_cr_elephant_40_n02504458_481.png
swin_large,1,889,NaN,bicycle,bicycle,bw,0889_cl_dnn_bw_bicycle_40_n03792782_4102.png
swin_large,1,890,NaN,truck,truck,bw,0890_cl_dnn_bw_truck_40_n03417042_22513.png
swin_large,1,891,NaN,bird,bird,bw,0891_cl_dnn_bw_bird_40_n02006656_6733.png
swin_large,1,892,NaN,chair,chair,cr,0892_cl_dnn_cr_chair_40_n03376595_9813.png
swin_large,1,893,NaN,elephant,elephant,bw,0893_cl_dnn_bw_elephant_40_n02504013_53.png
swin_large,1,894,NaN,dog,dog,bw,0894_cl_dnn_bw_dog_40_n02092002_10760.png
swin_large,1,895,NaN,dog,dog,cr,0895_cl_dnn_cr_dog_40_n02106662_9600.png
swin_large,1,896,NaN,bottle,bottle,bw,0896_cl_dnn_bw_bottle_40_n04557648_2523.png
swin_large,1,897,NaN,knife,knife,bw,0897_cl_dnn_bw_knife_40_n03041632_27575.png
swin_large,1,898,NaN,airplane,airplane,bw,0898_cl_dnn_bw_airplane_40_n02690373_2514.png
swin_large,1,899,NaN,bicycle,bicycle,bw,0899_cl_dnn_bw_bicycle_40_n03792782_818.png
swin_large,1,900,NaN,clock,clock,cr,0900_cl_dnn_cr_clock_40_n02708093_57.png
swin_large,1,901,NaN,oven,oven,bw,0901_cl_dnn_bw_oven_40_n04111531_4407.png
swin_large,1,902,NaN,bicycle,bicycle,bw,0902_cl_dnn_bw_bicycle_40_n03792782_67333.png
swin_large,1,903,NaN,bear,bear,cr,0903_cl_dnn_cr_bear_40_n02134084_13339.png
swin_large,1,904,NaN,bear,bear,cr,0904_cl_dnn_cr_bear_40_n02133161_574.png
swin_large,1,905,NaN,bottle,bottle,cr,0905_cl_dnn_cr_bottle_40_n04557648_2122.png
swin_large,1,906,NaN,elephant,elephant,bw,0906_cl_dnn_bw_elephant_40_n02504458_4570.png
swin_large,1,907,NaN,knife,knife,bw,0907_cl_dnn_bw_knife_40_n03041632_32337.png
swin_large,1,908,NaN,truck,truck,cr,0908_cl_dnn_cr_truck_40_n04467665_11299.png
swin_large,1,909,NaN,chair,chair,cr,0909_cl_dnn_cr_chair_40_n03376595_1135.png
swin_large,1,910,NaN,truck,truck,bw,0910_cl_dnn_bw_truck_40_n03796401_713.png
swin_large,1,911,NaN,keyboard,keyboard,cr,0911_cl_dnn_cr_keyboard_40_n03085013_20398.png
swin_large,1,912,NaN,bottle,bottle,cr,0912_cl_dnn_cr_bottle_40_n03983396_2053.png
swin_large,1,913,NaN,cat,cat,bw,0913_cl_dnn_bw_cat_40_n02123159_6041.png
swin_large,1,914,NaN,dog,dog,bw,0914_cl_dnn_bw_dog_40_n02090721_4088.png
swin_large,1,915,NaN,bear,bear,cr,0915_cl_dnn_cr_bear_40_n02134084_868.png
swin_large,1,916,NaN,chair,chair,bw,0916_cl_dnn_bw_chair_40_n04429376_9121.png
swin_large,1,917,NaN,bottle,bottle,cr,0917_cl_dnn_cr_bottle_40_n04560804_10184.png
swin_large,1,918,NaN,knife,knife,cr,0918_cl_dnn_cr_knife_40_n03041632_13478.png
swin_large,1,919,NaN,bicycle,bicycle,cr,0919_cl_dnn_cr_bicycle_40_n02835271_2753.png
swin_large,1,920,NaN,airplane,airplane,bw,0920_cl_dnn_bw_airplane_40_n02690373_2750.png
swin_large,1,921,NaN,clock,clock,bw,0921_cl_dnn_bw_clock_40_n03196217_5165.png
swin_large,1,922,NaN,bottle,bottle,cr,0922_cl_dnn_cr_bottle_40_n03937543_1231.png
swin_large,1,923,NaN,elephant,elephant,bw,0923_cl_dnn_bw_elephant_40_n02504458_5972.png
swin_large,1,924,NaN,bottle,bottle,cr,0924_cl_dnn_cr_bottle_40_n03937543_5322.png
swin_large,1,925,NaN,truck,truck,cr,0925_cl_dnn_cr_truck_40_n04467665_9123.png
swin_large,1,926,NaN,oven,oven,cr,0926_cl_dnn_cr_oven_40_n04111531_8687.png
swin_large,1,927,NaN,bicycle,bicycle,cr,0927_cl_dnn_cr_bicycle_40_n03792782_85.png
swin_large,1,928,NaN,truck,truck,cr,0928_cl_dnn_cr_truck_40_n04467665_55848.png
swin_large,1,929,NaN,chair,chair,bw,0929_cl_dnn_bw_chair_40_n04099969_8934.png
swin_large,1,930,NaN,airplane,airplane,cr,0930_cl_dnn_cr_airplane_40_n02690373_2293.png
swin_large,1,931,NaN,boat,boat,cr,0931_cl_dnn_cr_boat_40_n03344393_8625.png
swin_large,1,932,NaN,cat,cat,cr,0932_cl_dnn_cr_cat_40_n02123394_686.png
swin_large,1,933,NaN,bear,bear,bw,0933_cl_dnn_bw_bear_40_n02132136_22313.png
swin_large,1,934,NaN,bottle,bottle,bw,0934_cl_dnn_bw_bottle_40_n04560804_10989.png
swin_large,1,935,NaN,oven,oven,bw,0935_cl_dnn_bw_oven_40_n04111531_11868.png
swin_large,1,936,NaN,oven,oven,bw,0936_cl_dnn_bw_oven_40_n04111531_4012.png
swin_large,1,937,NaN,bicycle,bicycle,bw,0937_cl_dnn_bw_bicycle_40_n02835271_8529.png
swin_large,1,938,NaN,keyboard,keyboard,cr,0938_cl_dnn_cr_keyboard_40_n04505470_4906.png
swin_large,1,939,NaN,airplane,airplane,cr,0939_cl_dnn_cr_airplane_40_n02690373_7387.png
swin_large,1,940,NaN,car,car,cr,0940_cl_dnn_cr_car_40_n04285008_901.png
swin_large,1,941,NaN,chair,chair,bw,0941_cl_dnn_bw_chair_40_n03376595_8140.png
swin_large,1,942,NaN,elephant,elephant,bw,0942_cl_dnn_bw_elephant_40_n02504458_7133.png
swin_large,1,943,NaN,bird,bird,cr,0943_cl_dnn_cr_bird_40_n01860187_1258.png
swin_large,1,944,NaN,dog,dog,cr,0944_cl_dnn_cr_dog_40_n02097658_16.png
swin_large,1,945,NaN,truck,truck,bw,0945_cl_dnn_bw_truck_40_n03417042_16871.png
swin_large,1,946,NaN,keyboard,keyboard,bw,0946_cl_dnn_bw_keyboard_40_n04505470_3957.png
swin_large,1,947,NaN,chair,chair,cr,0947_cl_dnn_cr_chair_40_n04429376_16081.png
swin_large,1,948,NaN,car,car,bw,0948_cl_dnn_bw_car_40_n04285008_4749.png
swin_large,1,949,NaN,airplane,airplane,bw,0949_cl_dnn_bw_airplane_40_n02690373_4727.png
swin_large,1,950,NaN,knife,knife,bw,0950_cl_dnn_bw_knife_40_n03041632_4214.png
swin_large,1,951,NaN,bird,bird,bw,0951_cl_dnn_bw_bird_40_n02027492_9786.png
swin_large,1,952,NaN,airplane,airplane,bw,0952_cl_dnn_bw_airplane_40_n02690373_4269.png
swin_large,1,953,NaN,bear,bear,bw,0953_cl_dnn_bw_bear_40_n02132136_1644.png
swin_large,1,954,NaN,bird,bird,bw,0954_cl_dnn_bw_bird_40_n02025239_7746.png
swin_large,1,955,NaN,clock,clock,bw,0955_cl_dnn_bw_clock_40_n04548280_21263.png
swin_large,1,956,NaN,dog,dog,cr,0956_cl_dnn_cr_dog_40_n02099849_8726.png
swin_large,1,957,NaN,bird,bird,bw,0957_cl_dnn_bw_bird_40_n01532829_15048.png
swin_large,1,958,NaN,bear,bear,cr,0958_cl_dnn_cr_bear_40_n02134084_16163.png
swin_large,1,959,NaN,bicycle,bicycle,cr,0959_cl_dnn_cr_bicycle_40_n02835271_4434.png
swin_large,1,960,NaN,keyboard,keyboard,cr,0960_cl_dnn_cr_keyboard_40_n03085013_1797.png
swin_large,1,961,NaN,knife,knife,cr,0961_cl_dnn_cr_knife_40_n03041632_992.png
swin_large,1,962,NaN,dog,dog,cr,0962_cl_dnn_cr_dog_40_n02108551_7534.png
swin_large,1,963,NaN,bicycle,bicycle,bw,0963_cl_dnn_bw_bicycle_40_n03792782_9412.png
swin_large,1,964,NaN,car,car,cr,0964_cl_dnn_cr_car_40_n02814533_11051.png
swin_large,1,965,NaN,oven,oven,bw,0965_cl_dnn_bw_oven_40_n04111531_8963.png
swin_large,1,966,NaN,clock,clock,cr,0966_cl_dnn_cr_clock_40_n02708093_6610.png
swin_large,1,967,NaN,dog,dog,bw,0967_cl_dnn_bw_dog_40_n02095570_513.png
swin_large,1,968,NaN,bottle,bottle,bw,0968_cl_dnn_bw_bottle_40_n04557648_9898.png
swin_large,1,969,NaN,cat,cat,bw,0969_cl_dnn_bw_cat_40_n02123394_4877.png
swin_large,1,970,NaN,oven,oven,cr,0970_cl_dnn_cr_oven_40_n04111531_6412.png
swin_large,1,971,NaN,oven,oven,bw,0971_cl_dnn_bw_oven_40_n04111531_887.png
swin_large,1,972,NaN,oven,oven,bw,0972_cl_dnn_bw_oven_40_n04111531_19000.png
swin_large,1,973,NaN,clock,clock,cr,0973_cl_dnn_cr_clock_40_n03196217_4821.png
swin_large,1,974,NaN,cat,cat,bw,0974_cl_dnn_bw_cat_40_n02123159_7638.png
swin_large,1,975,NaN,bottle,bottle,cr,0975_cl_dnn_cr_bottle_40_n03937543_1486.png
swin_large,1,976,NaN,keyboard,keyboard,bw,0976_cl_dnn_bw_keyboard_40_n03085013_23648.png
swin_large,1,977,NaN,bird,bird,cr,0977_cl_dnn_cr_bird_40_n01819313_6430.png
swin_large,1,978,NaN,keyboard,keyboard,bw,0978_cl_dnn_bw_keyboard_40_n03085013_20843.png
swin_large,1,979,NaN,chair,chair,cr,0979_cl_dnn_cr_chair_40_n04429376_9432.png
swin_large,1,980,NaN,bicycle,bicycle,bw,0980_cl_dnn_bw_bicycle_40_n03792782_5426.png
swin_large,1,981,NaN,bottle,bottle,bw,0981_cl_dnn_bw_bottle_40_n02823428_10814.png
swin_large,1,982,NaN,dog,dog,cr,0982_cl_dnn_cr_dog_40_n02109525_12602.png
swin_large,1,983,NaN,boat,boat,bw,0983_cl_dnn_bw_boat_40_n02951358_863.png
swin_large,1,984,NaN,bicycle,bicycle,cr,0984_cl_dnn_cr_bicycle_40_n02835271_6563.png
swin_large,1,985,NaN,oven,oven,cr,0985_cl_dnn_cr_oven_40_n04111531_9455.png
swin_large,1,986,NaN,cat,cat,bw,0986_cl_dnn_bw_cat_40_n02123394_4542.png
swin_large,1,987,NaN,bicycle,bicycle,cr,0987_cl_dnn_cr_bicycle_40_n03792782_3342.png
swin_large,1,988,NaN,elephant,elephant,bw,0988_cl_dnn_bw_elephant_40_n02504458_2471.png
swin_large,1,989,NaN,bear,bear,bw,0989_cl_dnn_bw_bear_40_n02132136_1626.png
swin_large,1,990,NaN,car,car,bw,0990_cl_dnn_bw_car_40_n04285008_14334.png
swin_large,1,991,NaN,cat,cat,bw,0991_cl_dnn_bw_cat_40_n02123159_4353.png
swin_large,1,992,NaN,boat,boat,bw,0992_cl_dnn_bw_boat_40_n03662601_8709.png
swin_large,1,993,NaN,clock,clock,cr,0993_cl_dnn_cr_clock_40_n02708093_3595.png
swin_large,1,994,NaN,elephant,elephant,cr,0994_cl_dnn_cr_elephant_40_n02504458_3776.png
swin_large,1,995,NaN,elephant,elephant,cr,0995_cl_dnn_cr_elephant_40_n02504013_7001.png
swin_large,1,996,NaN,bear,bear,cr,0996_cl_dnn_cr_bear_40_n02133161_739.png
swin_large,1,997,NaN,elephant,elephant,cr,0997_cl_dnn_cr_elephant_40_n02504013_8497.png
swin_large,1,998,NaN,bear,bear,cr,0998_cl_dnn_cr_bear_40_n02134084_5822.png
swin_large,1,999,NaN,airplane,airplane,bw,0999_cl_dnn_bw_airplane_40_n02690373_3054.png
swin_large,1,1000,NaN,bottle,bottle,cr,1000_cl_dnn_cr_bottle_40_n04591713_2899.png
swin_large,1,1001,NaN,elephant,elephant,cr,1001_cl_dnn_cr_elephant_40_n02504013_5014.png
swin_large,1,1002,NaN,keyboard,keyboard,bw,1002_cl_dnn_bw_keyboard_40_n03085013_23789.png
swin_large,1,1003,NaN,clock,clock,cr,1003_cl_dnn_cr_clock_40_n02708093_6696.png
swin_large,1,1004,NaN,chair,chair,cr,1004_cl_dnn_cr_chair_40_n03376595_6570.png
swin_large,1,1005,NaN,airplane,airplane,cr,1005_cl_dnn_cr_airplane_40_n02690373_1235.png
swin_large,1,1006,NaN,bear,bear,bw,1006_cl_dnn_bw_bear_40_n02134418_496.png
swin_large,1,1007,NaN,elephant,elephant,bw,1007_cl_dnn_bw_elephant_40_n02504458_6336.png
swin_large,1,1008,NaN,chair,chair,cr,1008_cl_dnn_cr_chair_40_n04099969_7998.png
swin_large,1,1009,NaN,bottle,bottle,cr,1009_cl_dnn_cr_bottle_40_n04591713_2879.png
swin_large,1,1010,NaN,airplane,airplane,cr,1010_cl_dnn_cr_airplane_40_n02690373_4578.png
swin_large,1,1011,NaN,knife,knife,cr,1011_cl_dnn_cr_knife_40_n03041632_9759.png
swin_large,1,1012,NaN,dog,dog,cr,1012_cl_dnn_cr_dog_40_n02093991_434.png
swin_large,1,1013,NaN,chair,chair,bw,1013_cl_dnn_bw_chair_40_n02791124_14.png
swin_large,1,1014,NaN,oven,oven,cr,1014_cl_dnn_cr_oven_40_n04111531_12080.png
swin_large,1,1015,NaN,bird,bird,cr,1015_cl_dnn_cr_bird_40_n02013706_9024.png
swin_large,1,1016,NaN,elephant,elephant,bw,1016_cl_dnn_bw_elephant_40_n02504013_4071.png
swin_large,1,1017,NaN,truck,truck,bw,1017_cl_dnn_bw_truck_40_n04467665_30683.png
swin_large,1,1018,NaN,oven,oven,cr,1018_cl_dnn_cr_oven_40_n04111531_1220.png
swin_large,1,1019,NaN,bicycle,bicycle,cr,1019_cl_dnn_cr_bicycle_40_n03792782_10281.png
swin_large,1,1020,NaN,dog,dog,cr,1020_cl_dnn_cr_dog_40_n02113624_9189.png
swin_large,1,1021,NaN,truck,truck,bw,1021_cl_dnn_bw_truck_40_n04467665_22573.png
swin_large,1,1022,NaN,keyboard,keyboard,bw,1022_cl_dnn_bw_keyboard_40_n03085013_21956.png
swin_large,1,1023,NaN,chair,chair,cr,1023_cl_dnn_cr_chair_40_n03376595_3169.png
swin_large,1,1024,NaN,truck,truck,cr,1024_cl_dnn_cr_truck_40_n03417042_10283.png
swin_large,1,1025,NaN,bottle,bottle,bw,1025_cl_dnn_bw_bottle_40_n03983396_3173.png
swin_large,1,1026,NaN,cat,cat,cr,1026_cl_dnn_cr_cat_40_n02125311_4261.png
swin_large,1,1027,NaN,chair,chair,bw,1027_cl_dnn_bw_chair_40_n04099969_24495.png
swin_large,1,1028,NaN,clock,clock,bw,1028_cl_dnn_bw_clock_40_n02708093_3745.png
swin_large,1,1029,NaN,bird,bird,cr,1029_cl_dnn_cr_bird_40_n02013706_2849.png
swin_large,1,1030,NaN,dog,dog,cr,1030_cl_dnn_cr_dog_40_n02087394_7104.png
swin_large,1,1031,NaN,boat,boat,bw,1031_cl_dnn_bw_boat_40_n03662601_34174.png
swin_large,1,1032,NaN,knife,knife,bw,1032_cl_dnn_bw_knife_40_n03041632_3101.png
swin_large,1,1033,NaN,clock,clock,cr,1033_cl_dnn_cr_clock_40_n02708093_7076.png
swin_large,1,1034,NaN,bottle,bottle,cr,1034_cl_dnn_cr_bottle_40_n03983396_21043.png
swin_large,1,1035,NaN,bear,bear,bw,1035_cl_dnn_bw_bear_40_n02134418_2324.png
swin_large,1,1036,NaN,boat,boat,cr,1036_cl_dnn_cr_boat_40_n04273569_15892.png
swin_large,1,1037,NaN,bottle,bottle,bw,1037_cl_dnn_bw_bottle_40_n03937543_9756.png
swin_large,1,1038,NaN,cat,cat,cr,1038_cl_dnn_cr_cat_40_n02125311_8567.png
swin_large,1,1039,NaN,bear,bear,cr,1039_cl_dnn_cr_bear_40_n02134418_1482.png
swin_large,1,1040,NaN,knife,knife,cr,1040_cl_dnn_cr_knife_40_n03041632_17285.png
swin_large,1,1041,NaN,bird,bird,cr,1041_cl_dnn_cr_bird_40_n01855672_7647.png
swin_large,1,1042,NaN,keyboard,keyboard,bw,1042_cl_dnn_bw_keyboard_40_n04505470_4202.png
swin_large,1,1043,NaN,chair,chair,bw,1043_cl_dnn_bw_chair_40_n04429376_14170.png
swin_large,1,1044,NaN,knife,knife,bw,1044_cl_dnn_bw_knife_40_n03041632_10109.png
swin_large,1,1045,NaN,oven,oven,bw,1045_cl_dnn_bw_oven_40_n04111531_12830.png
swin_large,1,1046,NaN,bottle,bottle,cr,1046_cl_dnn_cr_bottle_40_n02823428_5813.png
swin_large,1,1047,NaN,keyboard,keyboard,cr,1047_cl_dnn_cr_keyboard_40_n04505470_1518.png
swin_large,1,1048,NaN,chair,chair,cr,1048_cl_dnn_cr_chair_40_n04429376_7181.png
swin_large,1,1049,NaN,car,car,cr,1049_cl_dnn_cr_car_40_n03100240_1910.png
swin_large,1,1050,NaN,elephant,elephant,bw,1050_cl_dnn_bw_elephant_40_n02504458_1961.png
swin_large,1,1051,NaN,elephant,elephant,bw,1051_cl_dnn_bw_elephant_40_n02504458_5799.png
swin_large,1,1052,NaN,chair,chair,bw,1052_cl_dnn_bw_chair_40_n03376595_6673.png
swin_large,1,1053,NaN,bird,bird,cr,1053_cl_dnn_cr_bird_40_n01860187_285.png
swin_large,1,1054,NaN,airplane,airplane,cr,1054_cl_dnn_cr_airplane_40_n02690373_6854.png
swin_large,1,1055,NaN,airplane,airplane,cr,1055_cl_dnn_cr_airplane_40_n02690373_6845.png
swin_large,1,1056,NaN,chair,chair,bw,1056_cl_dnn_bw_chair_40_n03376595_10266.png
swin_large,1,1057,NaN,airplane,airplane,cr,1057_cl_dnn_cr_airplane_40_n02690373_8231.png
swin_large,1,1058,NaN,keyboard,keyboard,cr,1058_cl_dnn_cr_keyboard_40_n03085013_17455.png
swin_large,1,1059,NaN,oven,oven,cr,1059_cl_dnn_cr_oven_40_n04111531_8688.png
swin_large,1,1060,NaN,truck,truck,cr,1060_cl_dnn_cr_truck_40_n03796401_23711.png
swin_large,1,1061,NaN,truck,truck,bw,1061_cl_dnn_bw_truck_40_n04467665_53635.png
swin_large,1,1062,NaN,car,car,bw,1062_cl_dnn_bw_car_40_n02814533_45312.png
swin_large,1,1063,NaN,knife,knife,cr,1063_cl_dnn_cr_knife_40_n03041632_29276.png
swin_large,1,1064,NaN,dog,dog,bw,1064_cl_dnn_bw_dog_40_n02090721_464.png
swin_large,1,1065,NaN,airplane,airplane,cr,1065_cl_dnn_cr_airplane_40_n02690373_7145.png
swin_large,1,1066,NaN,truck,truck,cr,1066_cl_dnn_cr_truck_40_n03796401_17616.png
swin_large,1,1067,NaN,knife,knife,cr,1067_cl_dnn_cr_knife_40_n03041632_27929.png
swin_large,1,1068,NaN,boat,boat,cr,1068_cl_dnn_cr_boat_40_n03344393_661.png
swin_large,1,1069,NaN,knife,knife,bw,1069_cl_dnn_bw_knife_40_n03041632_33739.png
swin_large,1,1070,NaN,keyboard,keyboard,bw,1070_cl_dnn_bw_keyboard_40_n03085013_7440.png
swin_large,1,1071,NaN,truck,truck,cr,1071_cl_dnn_cr_truck_40_n03796401_17318.png
swin_large,1,1072,NaN,car,car,cr,1072_cl_dnn_cr_car_40_n02814533_50194.png
swin_large,1,1073,NaN,truck,truck,bw,1073_cl_dnn_bw_truck_40_n04467665_9459.png
swin_large,1,1074,NaN,knife,knife,bw,1074_cl_dnn_bw_knife_40_n03041632_13203.png
swin_large,1,1075,NaN,truck,truck,bw,1075_cl_dnn_bw_truck_40_n03417042_19585.png
swin_large,1,1076,NaN,keyboard,keyboard,cr,1076_cl_dnn_cr_keyboard_40_n04505470_4594.png
swin_large,1,1077,NaN,bicycle,bicycle,cr,1077_cl_dnn_cr_bicycle_40_n03792782_11115.png
swin_large,1,1078,NaN,car,car,bw,1078_cl_dnn_bw_car_40_n04285008_8784.png
swin_large,1,1079,NaN,keyboard,keyboard,cr,1079_cl_dnn_cr_keyboard_40_n03085013_35084.png
swin_large,1,1080,NaN,bottle,bottle,cr,1080_cl_dnn_cr_bottle_40_n04579145_1134.png
swin_large,1,1081,NaN,bottle,bottle,bw,1081_cl_dnn_bw_bottle_40_n02823428_1154.png
swin_large,1,1082,NaN,clock,clock,cr,1082_cl_dnn_cr_clock_40_n04548280_5237.png
swin_large,1,1083,NaN,keyboard,keyboard,bw,1083_cl_dnn_bw_keyboard_40_n03085013_3632.png
swin_large,1,1084,NaN,bicycle,bicycle,cr,1084_cl_dnn_cr_bicycle_40_n02835271_17914.png
swin_large,1,1085,NaN,cat,cat,bw,1085_cl_dnn_bw_cat_40_n02123045_3568.png
swin_large,1,1086,NaN,truck,truck,cr,1086_cl_dnn_cr_truck_40_n03417042_14575.png
swin_large,1,1087,NaN,dog,dog,cr,1087_cl_dnn_cr_dog_40_n02102480_5452.png
swin_large,1,1088,NaN,clock,clock,bw,1088_cl_dnn_bw_clock_40_n04548280_4354.png
swin_large,1,1089,NaN,knife,knife,bw,1089_cl_dnn_bw_knife_40_n03041632_3063.png
swin_large,1,1090,NaN,cat,cat,cr,1090_cl_dnn_cr_cat_40_n02123394_3605.png
swin_large,1,1091,NaN,elephant,elephant,cr,1091_cl_dnn_cr_elephant_40_n02504013_4523.png
swin_large,1,1092,NaN,bird,bird,cr,1092_cl_dnn_cr_bird_40_n02009229_6551.png
swin_large,1,1093,NaN,bird,bird,bw,1093_cl_dnn_bw_bird_40_n01531178_32624.png
swin_large,1,1094,NaN,chair,chair,cr,1094_cl_dnn_cr_chair_40_n03376595_19165.png
swin_large,1,1095,NaN,cat,cat,bw,1095_cl_dnn_bw_cat_40_n02125311_7527.png
swin_large,1,1096,NaN,bird,bird,bw,1096_cl_dnn_bw_bird_40_n01829413_1997.png
swin_large,1,1097,NaN,dog,dog,bw,1097_cl_dnn_bw_dog_40_n02108915_4936.png
swin_large,1,1098,NaN,bear,bear,bw,1098_cl_dnn_bw_bear_40_n02132136_26027.png
swin_large,1,1099,NaN,bear,bear,cr,1099_cl_dnn_cr_bear_40_n02132136_5158.png
swin_large,1,1100,NaN,cat,cat,bw,1100_cl_dnn_bw_cat_40_n02123159_4879.png
swin_large,1,1101,NaN,dog,dog,bw,1101_cl_dnn_bw_dog_40_n02088466_292.png
swin_large,1,1102,NaN,bird,bird,cr,1102_cl_dnn_cr_bird_40_n01843383_10720.png
swin_large,1,1103,NaN,boat,boat,bw,1103_cl_dnn_bw_boat_40_n02951358_4485.png
swin_large,1,1104,NaN,bear,bear,cr,1104_cl_dnn_cr_bear_40_n02133161_1490.png
swin_large,1,1105,NaN,oven,oven,cr,1105_cl_dnn_cr_oven_40_n04111531_7072.png
swin_large,1,1106,NaN,boat,boat,bw,1106_cl_dnn_bw_boat_40_n03662601_1197.png
swin_large,1,1107,NaN,chair,chair,cr,1107_cl_dnn_cr_chair_40_n04429376_21546.png
swin_large,1,1108,NaN,keyboard,keyboard,bw,1108_cl_dnn_bw_keyboard_40_n04505470_3666.png
swin_large,1,1109,NaN,airplane,airplane,cr,1109_cl_dnn_cr_airplane_40_n02690373_1233.png
swin_large,1,1110,NaN,boat,boat,cr,1110_cl_dnn_cr_boat_40_n03662601_27023.png
swin_large,1,1111,NaN,bottle,bottle,bw,1111_cl_dnn_bw_bottle_40_n04560804_29208.png
swin_large,1,1112,NaN,airplane,airplane,bw,1112_cl_dnn_bw_airplane_40_n02690373_6992.png
swin_large,1,1113,NaN,boat,boat,cr,1113_cl_dnn_cr_boat_40_n03344393_4496.png
swin_large,1,1114,NaN,cat,cat,bw,1114_cl_dnn_bw_cat_40_n02123045_6773.png
swin_large,1,1115,NaN,oven,oven,bw,1115_cl_dnn_bw_oven_40_n04111531_14329.png
swin_large,1,1116,NaN,airplane,airplane,cr,1116_cl_dnn_cr_airplane_40_n02690373_16250.png
swin_large,1,1117,NaN,cat,cat,bw,1117_cl_dnn_bw_cat_40_n02123159_7851.png
swin_large,1,1118,NaN,clock,clock,cr,1118_cl_dnn_cr_clock_40_n03196217_3267.png
swin_large,1,1119,NaN,bottle,bottle,bw,1119_cl_dnn_bw_bottle_40_n03937543_1995.png
swin_large,1,1120,NaN,elephant,elephant,bw,1120_cl_dnn_bw_elephant_40_n02504013_8638.png
swin_large,1,1121,NaN,bicycle,bicycle,bw,1121_cl_dnn_bw_bicycle_40_n03792782_2628.png
swin_large,1,1122,NaN,dog,dog,cr,1122_cl_dnn_cr_dog_40_n02102318_19745.png
swin_large,1,1123,NaN,car,car,cr,1123_cl_dnn_cr_car_40_n03100240_6627.png
swin_large,1,1124,NaN,bicycle,bicycle,bw,1124_cl_dnn_bw_bicycle_40_n03792782_7003.png
swin_large,1,1125,NaN,car,car,cr,1125_cl_dnn_cr_car_40_n04285008_713.png
swin_large,1,1126,NaN,keyboard,keyboard,cr,1126_cl_dnn_cr_keyboard_40_n03085013_17305.png
swin_large,1,1127,NaN,keyboard,keyboard,cr,1127_cl_dnn_cr_keyboard_40_n03085013_2842.png
swin_large,1,1128,NaN,truck,truck,cr,1128_cl_dnn_cr_truck_40_n03417042_7337.png
swin_large,1,1129,NaN,bird,bird,bw,1129_cl_dnn_bw_bird_40_n01843065_10565.png
swin_large,1,1130,NaN,clock,clock,bw,1130_cl_dnn_bw_clock_40_n03196217_243.png
swin_large,1,1131,NaN,bottle,bottle,bw,1131_cl_dnn_bw_bottle_40_n02823428_4405.png
swin_large,1,1132,NaN,truck,truck,bw,1132_cl_dnn_bw_truck_40_n03417042_27907.png
swin_large,1,1133,NaN,knife,knife,cr,1133_cl_dnn_cr_knife_40_n03041632_56436.png
swin_large,1,1134,NaN,keyboard,keyboard,cr,1134_cl_dnn_cr_keyboard_40_n04505470_2889.png
swin_large,1,1135,NaN,dog,dog,bw,1135_cl_dnn_bw_dog_40_n02093256_1653.png
swin_large,1,1136,NaN,airplane,airplane,cr,1136_cl_dnn_cr_airplane_40_n02690373_9939.png
swin_large,1,1137,NaN,dog,dog,bw,1137_cl_dnn_bw_dog_40_n02106550_10279.png
swin_large,1,1138,NaN,bird,bird,cr,1138_cl_dnn_cr_bird_40_n01537544_23002.png
swin_large,1,1139,NaN,bird,bird,cr,1139_cl_dnn_cr_bird_40_n02028035_12542.png
swin_large,1,1140,NaN,bicycle,bicycle,bw,1140_cl_dnn_bw_bicycle_40_n03792782_551.png
swin_large,1,1141,NaN,elephant,elephant,cr,1141_cl_dnn_cr_elephant_40_n02504458_7839.png
swin_large,1,1142,NaN,clock,clock,bw,1142_cl_dnn_bw_clock_40_n02708093_3484.png
swin_large,1,1143,NaN,boat,boat,cr,1143_cl_dnn_cr_boat_40_n03662601_26681.png
swin_large,1,1144,NaN,dog,dog,cr,1144_cl_dnn_cr_dog_40_n02099849_6488.png
swin_large,1,1145,NaN,dog,dog,bw,1145_cl_dnn_bw_dog_40_n02110063_16336.png
swin_large,1,1146,NaN,bird,bird,cr,1146_cl_dnn_cr_bird_40_n01833805_8584.png
swin_large,1,1147,NaN,chair,chair,cr,1147_cl_dnn_cr_chair_40_n02791124_3323.png
swin_large,1,1148,NaN,car,car,bw,1148_cl_dnn_bw_car_40_n03100240_10982.png
swin_large,1,1149,NaN,boat,boat,cr,1149_cl_dnn_cr_boat_40_n03662601_873.png
swin_large,1,1150,NaN,cat,cat,cr,1150_cl_dnn_cr_cat_40_n02123159_1794.png
swin_large,1,1151,NaN,airplane,airplane,bw,1151_cl_dnn_bw_airplane_40_n02690373_2316.png
swin_large,1,1152,NaN,chair,chair,cr,1152_cl_dnn_cr_chair_40_n02791124_359.png
swin_large,1,1153,NaN,bottle,bottle,bw,1153_cl_dnn_bw_bottle_40_n04579145_5921.png
swin_large,1,1154,NaN,elephant,elephant,bw,1154_cl_dnn_bw_elephant_40_n02504013_8308.png
swin_large,1,1155,NaN,boat,boat,cr,1155_cl_dnn_cr_boat_40_n02951358_10162.png
swin_large,1,1156,NaN,car,car,cr,1156_cl_dnn_cr_car_40_n04285008_6131.png
swin_large,1,1157,NaN,dog,dog,cr,1157_cl_dnn_cr_dog_40_n02097130_5045.png
swin_large,1,1158,NaN,oven,oven,bw,1158_cl_dnn_bw_oven_40_n04111531_9702.png
swin_large,1,1159,NaN,truck,car,cr,1159_cl_dnn_cr_car_40_n02814533_55399.png
swin_large,1,1160,NaN,car,car,cr,1160_cl_dnn_cr_car_40_n04285008_7749.png
swin_large,1,1161,NaN,bird,bird,cr,1161_cl_dnn_cr_bird_40_n01828970_23168.png
swin_large,1,1162,NaN,airplane,airplane,cr,1162_cl_dnn_cr_airplane_40_n02690373_6212.png
swin_large,1,1163,NaN,keyboard,keyboard,bw,1163_cl_dnn_bw_keyboard_40_n04505470_4477.png
swin_large,1,1164,NaN,keyboard,keyboard,bw,1164_cl_dnn_bw_keyboard_40_n04505470_2907.png
swin_large,1,1165,NaN,oven,oven,bw,1165_cl_dnn_bw_oven_40_n04111531_7189.png
swin_large,1,1166,NaN,chair,chair,bw,1166_cl_dnn_bw_chair_40_n04429376_12337.png
swin_large,1,1167,NaN,oven,oven,cr,1167_cl_dnn_cr_oven_40_n04111531_8959.png
swin_large,1,1168,NaN,clock,clock,cr,1168_cl_dnn_cr_clock_40_n04548280_2988.png
swin_large,1,1169,NaN,boat,boat,bw,1169_cl_dnn_bw_boat_40_n03344393_6458.png
swin_large,1,1170,NaN,dog,dog,cr,1170_cl_dnn_cr_dog_40_n02110185_7540.png
swin_large,1,1171,NaN,dog,dog,cr,1171_cl_dnn_cr_dog_40_n02097658_652.png
swin_large,1,1172,NaN,elephant,elephant,cr,1172_cl_dnn_cr_elephant_40_n02504458_1661.png
swin_large,1,1173,NaN,truck,truck,cr,1173_cl_dnn_cr_truck_40_n03417042_9580.png
swin_large,1,1174,NaN,truck,truck,bw,1174_cl_dnn_bw_truck_40_n04467665_31376.png
swin_large,1,1175,NaN,truck,truck,cr,1175_cl_dnn_cr_truck_40_n03796401_5515.png
swin_large,1,1176,NaN,dog,dog,bw,1176_cl_dnn_bw_dog_40_n02099849_4121.png
swin_large,1,1177,NaN,bird,bird,bw,1177_cl_dnn_bw_bird_40_n01817953_6548.png
swin_large,1,1178,NaN,chair,chair,bw,1178_cl_dnn_bw_chair_40_n04429376_15334.png
swin_large,1,1179,NaN,bicycle,bicycle,cr,1179_cl_dnn_cr_bicycle_40_n03792782_7570.png
swin_large,1,1180,NaN,truck,truck,cr,1180_cl_dnn_cr_truck_40_n03417042_7005.png
swin_large,1,1181,NaN,car,car,bw,1181_cl_dnn_bw_car_40_n02814533_10557.png
swin_large,1,1182,NaN,elephant,elephant,cr,1182_cl_dnn_cr_elephant_40_n02504013_7026.png
swin_large,1,1183,NaN,keyboard,keyboard,bw,1183_cl_dnn_bw_keyboard_40_n04505470_361.png
swin_large,1,1184,NaN,dog,dog,bw,1184_cl_dnn_bw_dog_40_n02099712_7604.png
swin_large,1,1185,NaN,dog,dog,cr,1185_cl_dnn_cr_dog_40_n02113799_6997.png
swin_large,1,1186,NaN,bear,bear,cr,1186_cl_dnn_cr_bear_40_n02132136_10622.png
swin_large,1,1187,NaN,truck,truck,cr,1187_cl_dnn_cr_truck_40_n04467665_64492.png
swin_large,1,1188,NaN,keyboard,keyboard,cr,1188_cl_dnn_cr_keyboard_40_n03085013_30335.png
swin_large,1,1189,NaN,bird,bird,bw,1189_cl_dnn_bw_bird_40_n01795545_6290.png
swin_large,1,1190,NaN,dog,dog,cr,1190_cl_dnn_cr_dog_40_n02093647_4091.png
swin_large,1,1191,NaN,dog,dog,cr,1191_cl_dnn_cr_dog_40_n02096294_2375.png
swin_large,1,1192,NaN,bicycle,bicycle,bw,1192_cl_dnn_bw_bicycle_40_n02835271_381.png
swin_large,1,1193,NaN,bicycle,bicycle,bw,1193_cl_dnn_bw_bicycle_40_n02835271_4742.png
swin_large,1,1194,NaN,chair,chair,bw,1194_cl_dnn_bw_chair_40_n04099969_11863.png
swin_large,1,1195,NaN,airplane,airplane,bw,1195_cl_dnn_bw_airplane_40_n02690373_17130.png
swin_large,1,1196,NaN,chair,chair,bw,1196_cl_dnn_bw_chair_40_n02791124_957.png
swin_large,1,1197,NaN,bicycle,bicycle,cr,1197_cl_dnn_cr_bicycle_40_n02835271_10377.png
swin_large,1,1198,NaN,chair,chair,cr,1198_cl_dnn_cr_chair_40_n02791124_2796.png
swin_large,1,1199,NaN,chair,chair,bw,1199_cl_dnn_bw_chair_40_n02791124_2491.png
swin_large,1,1200,NaN,bear,bear,bw,1200_cl_dnn_bw_bear_40_n02133161_1360.png
swin_large,1,1201,NaN,bottle,bottle,cr,1201_cl_dnn_cr_bottle_40_n03983396_5864.png
swin_large,1,1202,NaN,dog,dog,cr,1202_cl_dnn_cr_dog_40_n02111500_9179.png
swin_large,1,1203,NaN,bicycle,bicycle,cr,1203_cl_dnn_cr_bicycle_40_n02835271_10469.png
swin_large,1,1204,NaN,oven,oven,cr,1204_cl_dnn_cr_oven_40_n04111531_13479.png
swin_large,1,1205,NaN,boat,boat,bw,1205_cl_dnn_bw_boat_40_n04273569_10021.png
swin_large,1,1206,NaN,oven,oven,bw,1206_cl_dnn_bw_oven_40_n04111531_3353.png
swin_large,1,1207,NaN,clock,clock,bw,1207_cl_dnn_bw_clock_40_n02708093_7841.png
swin_large,1,1208,NaN,dog,dog,cr,1208_cl_dnn_cr_dog_40_n02100236_5828.png
swin_large,1,1209,NaN,cat,cat,cr,1209_cl_dnn_cr_cat_40_n02125311_39106.png
swin_large,1,1210,NaN,bird,bird,bw,1210_cl_dnn_bw_bird_40_n02027492_546.png
swin_large,1,1211,NaN,clock,clock,cr,1211_cl_dnn_cr_clock_40_n02708093_6812.png
swin_large,1,1212,NaN,boat,boat,bw,1212_cl_dnn_bw_boat_40_n02951358_12354.png
swin_large,1,1213,NaN,bear,bear,bw,1213_cl_dnn_bw_bear_40_n02134084_32585.png
swin_large,1,1214,NaN,car,car,bw,1214_cl_dnn_bw_car_40_n04285008_9404.png
swin_large,1,1215,NaN,chair,chair,bw,1215_cl_dnn_bw_chair_40_n02791124_960.png
swin_large,1,1216,NaN,clock,clock,cr,1216_cl_dnn_cr_clock_40_n04548280_8795.png
swin_large,1,1217,NaN,knife,knife,bw,1217_cl_dnn_bw_knife_40_n03041632_17349.png
swin_large,1,1218,NaN,bear,bear,bw,1218_cl_dnn_bw_bear_40_n02134084_742.png
swin_large,1,1219,NaN,airplane,airplane,bw,1219_cl_dnn_bw_airplane_40_n02690373_19104.png
swin_large,1,1220,NaN,oven,oven,cr,1220_cl_dnn_cr_oven_40_n04111531_1815.png
swin_large,1,1221,NaN,airplane,airplane,cr,1221_cl_dnn_cr_airplane_40_n02690373_10181.png
swin_large,1,1222,NaN,cat,cat,cr,1222_cl_dnn_cr_cat_40_n02123394_8268.png
swin_large,1,1223,NaN,airplane,airplane,bw,1223_cl_dnn_bw_airplane_40_n02690373_6836.png
swin_large,1,1224,NaN,airplane,airplane,cr,1224_cl_dnn_cr_airplane_40_n02690373_2075.png
swin_large,1,1225,NaN,bicycle,bicycle,bw,1225_cl_dnn_bw_bicycle_40_n03792782_4591.png
swin_large,1,1226,NaN,elephant,elephant,cr,1226_cl_dnn_cr_elephant_40_n02504458_5788.png
swin_large,1,1227,NaN,cat,cat,bw,1227_cl_dnn_bw_cat_40_n02123597_1544.png
swin_large,1,1228,NaN,bird,bird,bw,1228_cl_dnn_bw_bird_40_n01819313_111.png
swin_large,1,1229,NaN,chair,chair,cr,1229_cl_dnn_cr_chair_40_n02791124_1865.png
swin_large,1,1230,NaN,dog,dog,bw,1230_cl_dnn_bw_dog_40_n02105855_17596.png
swin_large,1,1231,NaN,bird,bird,bw,1231_cl_dnn_bw_bird_40_n01860187_210.png
swin_large,1,1232,NaN,car,car,bw,1232_cl_dnn_bw_car_40_n02814533_32461.png
swin_large,1,1233,NaN,bear,bear,bw,1233_cl_dnn_bw_bear_40_n02134084_7841.png
swin_large,1,1234,NaN,bird,bird,cr,1234_cl_dnn_cr_bird_40_n01601694_24991.png
swin_large,1,1235,NaN,keyboard,keyboard,cr,1235_cl_dnn_cr_keyboard_40_n03085013_3795.png
swin_large,1,1236,NaN,oven,oven,bw,1236_cl_dnn_bw_oven_40_n04111531_17922.png
swin_large,1,1237,NaN,keyboard,keyboard,bw,1237_cl_dnn_bw_keyboard_40_n03085013_31513.png
swin_large,1,1238,NaN,clock,clock,bw,1238_cl_dnn_bw_clock_40_n04548280_2411.png
swin_large,1,1239,NaN,bicycle,bicycle,cr,1239_cl_dnn_cr_bicycle_40_n02835271_22536.png
swin_large,1,1240,NaN,car,car,cr,1240_cl_dnn_cr_car_40_n03100240_2552.png
swin_large,1,1241,NaN,boat,boat,bw,1241_cl_dnn_bw_boat_40_n04612504_26666.png
swin_large,1,1242,NaN,bicycle,bicycle,bw,1242_cl_dnn_bw_bicycle_40_n03792782_15557.png
swin_large,1,1243,NaN,car,car,cr,1243_cl_dnn_cr_car_40_n02814533_6297.png
swin_large,1,1244,NaN,keyboard,keyboard,cr,1244_cl_dnn_cr_keyboard_40_n04505470_2787.png
swin_large,1,1245,NaN,oven,oven,bw,1245_cl_dnn_bw_oven_40_n04111531_3955.png
swin_large,1,1246,NaN,dog,dog,bw,1246_cl_dnn_bw_dog_40_n02105162_5667.png
swin_large,1,1247,NaN,car,car,cr,1247_cl_dnn_cr_car_40_n02814533_27942.png
swin_large,1,1248,NaN,chair,chair,cr,1248_cl_dnn_cr_chair_40_n02791124_7942.png
swin_large,1,1249,NaN,bird,bird,cr,1249_cl_dnn_cr_bird_40_n01817953_10964.png
swin_large,1,1250,NaN,elephant,elephant,bw,1250_cl_dnn_bw_elephant_40_n02504013_1953.png
swin_large,1,1251,NaN,bear,bear,cr,1251_cl_dnn_cr_bear_40_n02134084_1201.png
swin_large,1,1252,NaN,car,car,bw,1252_cl_dnn_bw_car_40_n02814533_14335.png
swin_large,1,1253,NaN,bird,bird,cr,1253_cl_dnn_cr_bird_40_n02009912_24304.png
swin_large,1,1254,NaN,car,car,cr,1254_cl_dnn_cr_car_40_n02814533_7769.png
swin_large,1,1255,NaN,bottle,bottle,cr,1255_cl_dnn_cr_bottle_40_n03983396_3899.png
swin_large,1,1256,NaN,chair,chair,bw,1256_cl_dnn_bw_chair_40_n04099969_17412.png
swin_large,1,1257,NaN,dog,dog,bw,1257_cl_dnn_bw_dog_40_n02109961_26101.png
swin_large,1,1258,NaN,knife,knife,cr,1258_cl_dnn_cr_knife_40_n03041632_9671.png
swin_large,1,1259,NaN,bird,bird,cr,1259_cl_dnn_cr_bird_40_n02018207_7460.png
swin_large,1,1260,NaN,oven,oven,bw,1260_cl_dnn_bw_oven_40_n04111531_15852.png
swin_large,1,1261,NaN,boat,boat,bw,1261_cl_dnn_bw_boat_40_n04273569_5901.png
swin_large,1,1262,NaN,bird,bird,cr,1262_cl_dnn_cr_bird_40_n01558993_7366.png
swin_large,1,1263,NaN,truck,truck,cr,1263_cl_dnn_cr_truck_40_n04467665_22838.png
swin_large,1,1264,NaN,truck,truck,cr,1264_cl_dnn_cr_truck_40_n03417042_27587.png
swin_large,1,1265,NaN,knife,knife,cr,1265_cl_dnn_cr_knife_40_n03041632_23546.png
swin_large,1,1266,NaN,bottle,bottle,bw,1266_cl_dnn_bw_bottle_40_n03937543_4850.png
swin_large,1,1267,NaN,elephant,elephant,bw,1267_cl_dnn_bw_elephant_40_n02504458_5059.png
swin_large,1,1268,NaN,knife,knife,cr,1268_cl_dnn_cr_knife_40_n03041632_36277.png
swin_large,1,1269,NaN,car,car,bw,1269_cl_dnn_bw_car_40_n02814533_93487.png
swin_large,1,1270,NaN,bird,bird,bw,1270_cl_dnn_bw_bird_40_n01614925_267.png
swin_large,1,1271,NaN,airplane,airplane,bw,1271_cl_dnn_bw_airplane_40_n02690373_5909.png
swin_large,1,1272,NaN,knife,knife,bw,1272_cl_dnn_bw_knife_40_n03041632_96345.png
swin_large,1,1273,NaN,airplane,airplane,cr,1273_cl_dnn_cr_airplane_40_n02690373_8560.png
swin_large,1,1274,NaN,car,car,bw,1274_cl_dnn_bw_car_40_n04285008_15177.png
swin_large,1,1275,NaN,chair,chair,bw,1275_cl_dnn_bw_chair_40_n02791124_3923.png
swin_large,1,1276,NaN,knife,knife,bw,1276_cl_dnn_bw_knife_40_n03041632_33326.png
swin_large,1,1277,NaN,bird,bird,cr,1277_cl_dnn_cr_bird_40_n01616318_4878.png
swin_large,1,1278,NaN,keyboard,keyboard,cr,1278_cl_dnn_cr_keyboard_40_n04505470_3089.png
swin_large,1,1279,NaN,dog,dog,bw,1279_cl_dnn_bw_dog_40_n02090721_6440.png
swin_large,1,1280,NaN,clock,clock,bw,1280_cl_dnn_bw_clock_40_n03196217_3689.png
